Vertex Count:336

Data:

0.5 -0.707107 0.5 0 0.75 0.224263 -0.810291 0.541419
0 -0.92388 0.382683 0.125 0.875 0.224263 -0.810291 0.541419
0.270598 -0.92388 0.270598 0 0.875 0.224263 -0.810291 0.54142
0 -0.707107 0.707107 0.125 0.75 0.224263 -0.810291 0.541419
0 -0.92388 0.382683 0.125 0.875 0.224263 -0.810291 0.541419
0.5 -0.707107 0.5 0 0.75 0.224263 -0.810291 0.541419
0 -0.707107 0.707107 0.125 0.75 -0.224263 -0.810291 0.541419
-0.270598 -0.92388 0.270598 0.25 0.875 -0.224263 -0.810291 0.541419
0 -0.92388 0.382683 0.125 0.875 -0.224263 -0.810291 0.541419
-0.5 -0.707107 0.5 0.25 0.75 -0.224263 -0.810291 0.541419
-0.270598 -0.92388 0.270598 0.25 0.875 -0.224263 -0.810291 0.541419
0 -0.707107 0.707107 0.125 0.75 -0.224263 -0.810291 0.541419
-0.5 -0.707107 0.5 0.25 0.75 -0.541419 -0.810291 0.224263
-0.382683 -0.92388 -0 0.375 0.875 -0.541419 -0.810291 0.224263
-0.270598 -0.92388 0.270598 0.25 0.875 -0.541419 -0.810291 0.224263
-0.707107 -0.707107 -0 0.375 0.75 -0.541419 -0.810291 0.224263
-0.382683 -0.92388 -0 0.375 0.875 -0.541419 -0.810291 0.224263
-0.5 -0.707107 0.5 0.25 0.75 -0.541419 -0.810291 0.224263
-0.707107 -0.707107 -0 0.375 0.75 -0.541419 -0.810291 -0.224263
-0.270598 -0.92388 -0.270598 0.5 0.875 -0.541419 -0.810291 -0.224263
-0.382683 -0.92388 -0 0.375 0.875 -0.541419 -0.810291 -0.224263
-0.5 -0.707107 -0.5 0.5 0.75 -0.541419 -0.810291 -0.224263
-0.270598 -0.92388 -0.270598 0.5 0.875 -0.541419 -0.810291 -0.224263
-0.707107 -0.707107 -0 0.375 0.75 -0.541419 -0.810291 -0.224263
-0.5 -0.707107 -0.5 0.5 0.75 -0.224263 -0.810291 -0.541419
0 -0.92388 -0.382683 0.625 0.875 -0.224263 -0.810291 -0.541419
-0.270598 -0.92388 -0.270598 0.5 0.875 -0.224263 -0.810291 -0.54142
0 -0.707107 -0.707107 0.625 0.75 -0.224263 -0.810291 -0.541419
0 -0.92388 -0.382683 0.625 0.875 -0.224263 -0.810291 -0.541419
-0.5 -0.707107 -0.5 0.5 0.75 -0.224263 -0.810291 -0.541419
0 -0.707107 -0.707107 0.625 0.75 0.224263 -0.810291 -0.541419
0.270598 -0.92388 -0.270598 0.75 0.875 0.224263 -0.810291 -0.541419
0 -0.92388 -0.382683 0.625 0.875 0.224263 -0.810291 -0.541419
0.5 -0.707107 -0.5 0.75 0.75 0.224263 -0.810291 -0.541419
0.270598 -0.92388 -0.270598 0.75 0.875 0.224263 -0.810291 -0.541419
0 -0.707107 -0.707107 0.625 0.75 0.224263 -0.810291 -0.541419
0.5 -0.707107 -0.5 0.75 0.75 0.541419 -0.810291 -0.224263
0.382683 -0.92388 -0 0.875 0.875 0.541419 -0.810291 -0.224263
0.270598 -0.92388 -0.270598 0.75 0.875 0.541419 -0.810291 -0.224263
0.707107 -0.707107 -0 0.875 0.75 0.541419 -0.810291 -0.224263
0.382683 -0.92388 -0 0.875 0.875 0.541419 -0.810291 -0.224263
0.5 -0.707107 -0.5 0.75 0.75 0.541419 -0.810291 -0.224263
0.707107 -0.707107 -0 0.875 0.75 0.541419 -0.810291 0.224263
0.270598 -0.92388 0.270598 1 0.875 0.541419 -0.810291 0.224263
0.382683 -0.92388 -0 0.875 0.875 0.541419 -0.810291 0.224263
0.5 -0.707107 0.5 1 0.75 0.541419 -0.810291 0.224263
0.270598 -0.92388 0.270598 1 0.875 0.541419 -0.810291 0.224263
0.707107 -0.707107 -0 0.875 0.75 0.541419 -0.810291 0.224263
0.653281 -0.382683 0.653281 0 0.625 0.325634 -0.525289 0.786151
0 -0.707107 0.707107 0.125 0.75 0.325635 -0.525289 0.786151
0.5 -0.707107 0.5 0 0.75 0.325634 -0.525289 0.786151
0 -0.382683 0.923879 0.125 0.625 0.325635 -0.525289 0.786151
0 -0.707107 0.707107 0.125 0.75 0.325635 -0.525289 0.786151
0.653281 -0.382683 0.653281 0 0.625 0.325634 -0.525289 0.786151
0 -0.382683 0.923879 0.125 0.625 -0.325634 -0.525289 0.786151
-0.5 -0.707107 0.5 0.25 0.75 -0.325634 -0.525289 0.786151
0 -0.707107 0.707107 0.125 0.75 -0.325634 -0.525289 0.786151
-0.653281 -0.382683 0.653281 0.25 0.625 -0.325635 -0.525289 0.786151
-0.5 -0.707107 0.5 0.25 0.75 -0.325634 -0.525289 0.786151
0 -0.382683 0.923879 0.125 0.625 -0.325634 -0.525289 0.786151
-0.653281 -0.382683 0.653281 0.25 0.625 -0.786151 -0.525289 0.325634
-0.707107 -0.707107 -0 0.375 0.75 -0.786151 -0.525289 0.325634
-0.5 -0.707107 0.5 0.25 0.75 -0.786151 -0.525289 0.325635
-0.923879 -0.382683 -0 0.375 0.625 -0.786151 -0.525289 0.325634
-0.707107 -0.707107 -0 0.375 0.75 -0.786151 -0.525289 0.325634
-0.653281 -0.382683 0.653281 0.25 0.625 -0.786151 -0.525289 0.325634
-0.923879 -0.382683 -0 0.375 0.625 -0.786151 -0.525289 -0.325634
-0.5 -0.707107 -0.5 0.5 0.75 -0.786151 -0.525289 -0.325634
-0.707107 -0.707107 -0 0.375 0.75 -0.786151 -0.525289 -0.325634
-0.653281 -0.382683 -0.653281 0.5 0.625 -0.786151 -0.525289 -0.325634
-0.5 -0.707107 -0.5 0.5 0.75 -0.786151 -0.525289 -0.325634
-0.923879 -0.382683 -0 0.375 0.625 -0.786151 -0.525289 -0.325634
-0.653281 -0.382683 -0.653281 0.5 0.625 -0.325634 -0.525289 -0.786151
0 -0.707107 -0.707107 0.625 0.75 -0.325634 -0.525289 -0.786151
-0.5 -0.707107 -0.5 0.5 0.75 -0.325634 -0.525289 -0.786151
0 -0.382683 -0.923879 0.625 0.625 -0.325634 -0.525289 -0.786151
0 -0.707107 -0.707107 0.625 0.75 -0.325634 -0.525289 -0.786151
-0.653281 -0.382683 -0.653281 0.5 0.625 -0.325634 -0.525289 -0.786151
0 -0.382683 -0.923879 0.625 0.625 0.325634 -0.525289 -0.786151
0.5 -0.707107 -0.5 0.75 0.75 0.325634 -0.525289 -0.786151
0 -0.707107 -0.707107 0.625 0.75 0.325634 -0.525289 -0.786151
0.653281 -0.382683 -0.653281 0.75 0.625 0.325634 -0.525289 -0.786151
0.5 -0.707107 -0.5 0.75 0.75 0.325634 -0.525289 -0.786151
0 -0.382683 -0.923879 0.625 0.625 0.325634 -0.525289 -0.786151
0.653281 -0.382683 -0.653281 0.75 0.625 0.786151 -0.525289 -0.325634
0.707107 -0.707107 -0 0.875 0.75 0.786151 -0.525289 -0.325635
0.5 -0.707107 -0.5 0.75 0.75 0.786151 -0.52529 -0.325634
0.92388 -0.382683 -0 0.875 0.625 0.786151 -0.525289 -0.325634
0.707107 -0.707107 -0 0.875 0.75 0.786151 -0.525289 -0.325635
0.653281 -0.382683 -0.653281 0.75 0.625 0.786151 -0.525289 -0.325634
0.92388 -0.382683 -0 0.875 0.625 0.786151 -0.525289 0.325635
0.5 -0.707107 0.5 1 0.75 0.786151 -0.525289 0.325635
0.707107 -0.707107 -0 0.875 0.75 0.786151 -0.525289 0.325635
0.653281 -0.382683 0.653281 1 0.625 0.786151 -0.525289 0.325635
0.5 -0.707107 0.5 1 0.75 0.786151 -0.525289 0.325635
0.92388 -0.382683 -0 0.875 0.625 0.786151 -0.525289 0.325635
0.707107 0 0.707107 0 0.5 0.376381 -0.180744 0.908663
0 -0.382683 0.923879 0.125 0.625 0.376381 -0.180744 0.908663
0.653281 -0.382683 0.653281 0 0.625 0.376381 -0.180744 0.908663
0 0 1 0.125 0.5 0.376381 -0.180744 0.908663
0 -0.382683 0.923879 0.125 0.625 0.376381 -0.180744 0.908663
0.707107 0 0.707107 0 0.5 0.376381 -0.180744 0.908663
0 0 1 0.125 0.5 -0.376381 -0.180744 0.908663
-0.653281 -0.382683 0.653281 0.25 0.625 -0.376381 -0.180744 0.908663
0 -0.382683 0.923879 0.125 0.625 -0.376381 -0.180744 0.908663
-0.707107 0 0.707107 0.25 0.5 -0.376381 -0.180744 0.908663
-0.653281 -0.382683 0.653281 0.25 0.625 -0.376381 -0.180744 0.908663
0 0 1 0.125 0.5 -0.376381 -0.180744 0.908663
-0.707107 0 0.707107 0.25 0.5 -0.908663 -0.180744 0.376381
-0.923879 -0.382683 -0 0.375 0.625 -0.908663 -0.180744 0.376381
-0.653281 -0.382683 0.653281 0.25 0.625 -0.908663 -0.180744 0.376381
-1 0 -0 0.375 0.5 -0.908663 -0.180744 0.376381
-0.923879 -0.382683 -0 0.375 0.625 -0.908663 -0.180744 0.376381
-0.707107 0 0.707107 0.25 0.5 -0.908663 -0.180744 0.376381
-1 0 -0 0.375 0.5 -0.908663 -0.180744 -0.376381
-0.653281 -0.382683 -0.653281 0.5 0.625 -0.908663 -0.180744 -0.376381
-0.923879 -0.382683 -0 0.375 0.625 -0.908663 -0.180744 -0.376381
-0.707107 0 -0.707107 0.5 0.5 -0.908663 -0.180744 -0.376381
-0.653281 -0.382683 -0.653281 0.5 0.625 -0.908663 -0.180744 -0.376381
-1 0 -0 0.375 0.5 -0.908663 -0.180744 -0.376381
-0.707107 0 -0.707107 0.5 0.5 -0.376381 -0.180744 -0.908663
0 -0.382683 -0.923879 0.625 0.625 -0.376381 -0.180744 -0.908663
-0.653281 -0.382683 -0.653281 0.5 0.625 -0.376381 -0.180744 -0.908663
0 0 -1 0.625 0.5 -0.376381 -0.180744 -0.908663
0 -0.382683 -0.923879 0.625 0.625 -0.376381 -0.180744 -0.908663
-0.707107 0 -0.707107 0.5 0.5 -0.376381 -0.180744 -0.908663
0 0 -1 0.625 0.5 0.376381 -0.180744 -0.908663
0.653281 -0.382683 -0.653281 0.75 0.625 0.376381 -0.180744 -0.908663
0 -0.382683 -0.923879 0.625 0.625 0.376381 -0.180744 -0.908663
0.707107 0 -0.707107 0.75 0.5 0.376381 -0.180744 -0.908663
0.653281 -0.382683 -0.653281 0.75 0.625 0.376381 -0.180744 -0.908663
0 0 -1 0.625 0.5 0.376381 -0.180744 -0.908663
0.707107 0 -0.707107 0.75 0.5 0.908663 -0.180745 -0.376381
0.92388 -0.382683 -0 0.875 0.625 0.908663 -0.180745 -0.376381
0.653281 -0.382683 -0.653281 0.75 0.625 0.908663 -0.180745 -0.376381
1 0 -0 0.875 0.5 0.908663 -0.180745 -0.376381
0.92388 -0.382683 -0 0.875 0.625 0.908663 -0.180745 -0.376381
0.707107 0 -0.707107 0.75 0.5 0.908663 -0.180745 -0.376381
1 0 -0 0.875 0.5 0.908663 -0.180745 0.376381
0.653281 -0.382683 0.653281 1 0.625 0.908663 -0.180744 0.376381
0.92388 -0.382683 -0 0.875 0.625 0.908663 -0.180745 0.376381
0.707107 0 0.707107 1 0.5 0.908663 -0.180744 0.376381
0.653281 -0.382683 0.653281 1 0.625 0.908663 -0.180744 0.376381
1 0 -0 0.875 0.5 0.908663 -0.180745 0.376381
0.653281 0.382683 0.653281 0 0.375 0.376381 0.180744 0.908663
0 0 1 0.125 0.5 0.376381 0.180744 0.908663
0.707107 0 0.707107 0 0.5 0.376381 0.180744 0.908663
0 0.382683 0.923879 0.125 0.375 0.376381 0.180744 0.908663
0 0 1 0.125 0.5 0.376381 0.180744 0.908663
0.653281 0.382683 0.653281 0 0.375 0.376381 0.180744 0.908663
0 0.382683 0.923879 0.125 0.375 -0.376381 0.180744 0.908663
-0.707107 0 0.707107 0.25 0.5 -0.376381 0.180744 0.908663
0 0 1 0.125 0.5 -0.376381 0.180744 0.908663
-0.653281 0.382683 0.653281 0.25 0.375 -0.376381 0.180744 0.908663
-0.707107 0 0.707107 0.25 0.5 -0.376381 0.180744 0.908663
0 0.382683 0.923879 0.125 0.375 -0.376381 0.180744 0.908663
-0.653281 0.382683 0.653281 0.25 0.375 -0.908663 0.180744 0.376381
-1 0 -0 0.375 0.5 -0.908663 0.180744 0.376381
-0.707107 0 0.707107 0.25 0.5 -0.908663 0.180744 0.376381
-0.923879 0.382683 -0 0.375 0.375 -0.908663 0.180744 0.376381
-1 0 -0 0.375 0.5 -0.908663 0.180744 0.376381
-0.653281 0.382683 0.653281 0.25 0.375 -0.908663 0.180744 0.376381
-0.923879 0.382683 -0 0.375 0.375 -0.908663 0.180744 -0.376381
-0.707107 0 -0.707107 0.5 0.5 -0.908663 0.180744 -0.376381
-1 0 -0 0.375 0.5 -0.908663 0.180744 -0.376381
-0.653281 0.382683 -0.653281 0.5 0.375 -0.908663 0.180744 -0.376381
-0.707107 0 -0.707107 0.5 0.5 -0.908663 0.180744 -0.376381
-0.923879 0.382683 -0 0.375 0.375 -0.908663 0.180744 -0.376381
-0.653281 0.382683 -0.653281 0.5 0.375 -0.376381 0.180744 -0.908663
0 0 -1 0.625 0.5 -0.376381 0.180744 -0.908663
-0.707107 0 -0.707107 0.5 0.5 -0.376381 0.180744 -0.908663
0 0.382683 -0.923879 0.625 0.375 -0.376381 0.180744 -0.908663
0 0 -1 0.625 0.5 -0.376381 0.180744 -0.908663
-0.653281 0.382683 -0.653281 0.5 0.375 -0.376381 0.180744 -0.908663
0 0.382683 -0.923879 0.625 0.375 0.376381 0.180744 -0.908663
0.707107 0 -0.707107 0.75 0.5 0.376381 0.180744 -0.908663
0 0 -1 0.625 0.5 0.376381 0.180744 -0.908663
0.653281 0.382683 -0.653281 0.75 0.375 0.376381 0.180744 -0.908663
0.707107 0 -0.707107 0.75 0.5 0.376381 0.180744 -0.908663
0 0.382683 -0.923879 0.625 0.375 0.376381 0.180744 -0.908663
0.653281 0.382683 -0.653281 0.75 0.375 0.908663 0.180745 -0.376381
1 0 -0 0.875 0.5 0.908663 0.180745 -0.376381
0.707107 0 -0.707107 0.75 0.5 0.908663 0.180745 -0.376381
0.92388 0.382683 -0 0.875 0.375 0.908663 0.180745 -0.376381
1 0 -0 0.875 0.5 0.908663 0.180745 -0.376381
0.653281 0.382683 -0.653281 0.75 0.375 0.908663 0.180745 -0.376381
0.92388 0.382683 -0 0.875 0.375 0.908663 0.180744 0.376381
0.707107 0 0.707107 1 0.5 0.908663 0.180744 0.376381
1 0 -0 0.875 0.5 0.908663 0.180744 0.376381
0.653281 0.382683 0.653281 1 0.375 0.908663 0.180745 0.376381
0.707107 0 0.707107 1 0.5 0.908663 0.180744 0.376381
0.92388 0.382683 -0 0.875 0.375 0.908663 0.180744 0.376381
0.5 0.707107 0.5 0 0.25 0.325635 0.525289 0.786151
0 0.382683 0.923879 0.125 0.375 0.325634 0.525289 0.786151
0.653281 0.382683 0.653281 0 0.375 0.325635 0.525289 0.786151
0 0.707107 0.707107 0.125 0.25 0.325634 0.525289 0.786151
0 0.382683 0.923879 0.125 0.375 0.325634 0.525289 0.786151
0.5 0.707107 0.5 0 0.25 0.325635 0.525289 0.786151
0 0.707107 0.707107 0.125 0.25 -0.325634 0.525289 0.786151
-0.653281 0.382683 0.653281 0.25 0.375 -0.325634 0.525289 0.786151
0 0.382683 0.923879 0.125 0.375 -0.325635 0.525289 0.786151
-0.5 0.707107 0.5 0.25 0.25 -0.325634 0.525289 0.786151
-0.653281 0.382683 0.653281 0.25 0.375 -0.325634 0.525289 0.786151
0 0.707107 0.707107 0.125 0.25 -0.325634 0.525289 0.786151
-0.5 0.707107 0.5 0.25 0.25 -0.786151 0.525289 0.325634
-0.923879 0.382683 -0 0.375 0.375 -0.786151 0.525289 0.325634
-0.653281 0.382683 0.653281 0.25 0.375 -0.786151 0.525289 0.325634
-0.707107 0.707107 -0 0.375 0.25 -0.786151 0.525289 0.325634
-0.923879 0.382683 -0 0.375 0.375 -0.786151 0.525289 0.325634
-0.5 0.707107 0.5 0.25 0.25 -0.786151 0.525289 0.325634
-0.707107 0.707107 -0 0.375 0.25 -0.786151 0.525289 -0.325634
-0.653281 0.382683 -0.653281 0.5 0.375 -0.786151 0.525289 -0.325634
-0.923879 0.382683 -0 0.375 0.375 -0.786151 0.525289 -0.325634
-0.5 0.707107 -0.5 0.5 0.25 -0.786151 0.525289 -0.325635
-0.653281 0.382683 -0.653281 0.5 0.375 -0.786151 0.525289 -0.325634
-0.707107 0.707107 -0 0.375 0.25 -0.786151 0.525289 -0.325634
-0.5 0.707107 -0.5 0.5 0.25 -0.325635 0.525289 -0.786151
0 0.382683 -0.923879 0.625 0.375 -0.325634 0.525289 -0.786151
-0.653281 0.382683 -0.653281 0.5 0.375 -0.325635 0.525289 -0.786151
0 0.707107 -0.707107 0.625 0.25 -0.325634 0.525289 -0.786151
0 0.382683 -0.923879 0.625 0.375 -0.325634 0.525289 -0.786151
-0.5 0.707107 -0.5 0.5 0.25 -0.325635 0.525289 -0.786151
0 0.707107 -0.707107 0.625 0.25 0.325634 0.525289 -0.786151
0.653281 0.382683 -0.653281 0.75 0.375 0.325634 0.525289 -0.786151
0 0.382683 -0.923879 0.625 0.375 0.325634 0.525289 -0.786151
0.5 0.707107 -0.5 0.75 0.25 0.325634 0.525289 -0.786151
0.653281 0.382683 -0.653281 0.75 0.375 0.325634 0.525289 -0.786151
0 0.707107 -0.707107 0.625 0.25 0.325634 0.525289 -0.786151
0.5 0.707107 -0.5 0.75 0.25 0.786151 0.525289 -0.325634
0.92388 0.382683 -0 0.875 0.375 0.786151 0.525289 -0.325634
0.653281 0.382683 -0.653281 0.75 0.375 0.786151 0.525289 -0.325634
0.707107 0.707107 -0 0.875 0.25 0.786151 0.525289 -0.325634
0.92388 0.382683 -0 0.875 0.375 0.786151 0.525289 -0.325634
0.5 0.707107 -0.5 0.75 0.25 0.786151 0.525289 -0.325634
0.707107 0.707107 -0 0.875 0.25 0.786151 0.525289 0.325635
0.653281 0.382683 0.653281 1 0.375 0.786151 0.525289 0.325635
0.92388 0.382683 -0 0.875 0.375 0.786151 0.525289 0.325635
0.5 0.707107 0.5 1 0.25 0.786151 0.525289 0.325635
0.653281 0.382683 0.653281 1 0.375 0.786151 0.525289 0.325635
0.707107 0.707107 -0 0.875 0.25 0.786151 0.525289 0.325635
0.270598 0.92388 0.270598 0 0.125 0.224263 0.810291 0.541419
0 0.707107 0.707107 0.125 0.25 0.224263 0.810291 0.541419
0.5 0.707107 0.5 0 0.25 0.224263 0.810291 0.541419
0 0.92388 0.382683 0.125 0.125 0.224263 0.810291 0.541419
0 0.707107 0.707107 0.125 0.25 0.224263 0.810291 0.541419
0.270598 0.92388 0.270598 0 0.125 0.224263 0.810291 0.541419
0 0.92388 0.382683 0.125 0.125 -0.224263 0.810291 0.541419
-0.5 0.707107 0.5 0.25 0.25 -0.224263 0.810291 0.541419
0 0.707107 0.707107 0.125 0.25 -0.224263 0.810291 0.541419
-0.270598 0.92388 0.270598 0.25 0.125 -0.224263 0.810291 0.54142
-0.5 0.707107 0.5 0.25 0.25 -0.224263 0.810291 0.541419
0 0.92388 0.382683 0.125 0.125 -0.224263 0.810291 0.541419
-0.270598 0.92388 0.270598 0.25 0.125 -0.541419 0.810291 0.224263
-0.707107 0.707107 -0 0.375 0.25 -0.541419 0.810291 0.224263
-0.5 0.707107 0.5 0.25 0.25 -0.541419 0.810291 0.224263
-0.382683 0.92388 -0 0.375 0.125 -0.541419 0.810291 0.224263
-0.707107 0.707107 -0 0.375 0.25 -0.541419 0.810291 0.224263
-0.270598 0.92388 0.270598 0.25 0.125 -0.541419 0.810291 0.224263
-0.382683 0.92388 -0 0.375 0.125 -0.541419 0.810291 -0.224263
-0.5 0.707107 -0.5 0.5 0.25 -0.541419 0.810291 -0.224263
-0.707107 0.707107 -0 0.375 0.25 -0.541419 0.810291 -0.224263
-0.270598 0.92388 -0.270598 0.5 0.125 -0.541419 0.810291 -0.224263
-0.5 0.707107 -0.5 0.5 0.25 -0.541419 0.810291 -0.224263
-0.382683 0.92388 -0 0.375 0.125 -0.541419 0.810291 -0.224263
-0.270598 0.92388 -0.270598 0.5 0.125 -0.224263 0.810291 -0.541419
0 0.707107 -0.707107 0.625 0.25 -0.224263 0.810291 -0.541419
-0.5 0.707107 -0.5 0.5 0.25 -0.224263 0.810291 -0.541419
0 0.92388 -0.382683 0.625 0.125 -0.224263 0.810291 -0.541419
0 0.707107 -0.707107 0.625 0.25 -0.224263 0.810291 -0.541419
-0.270598 0.92388 -0.270598 0.5 0.125 -0.224263 0.810291 -0.541419
0 0.92388 -0.382683 0.625 0.125 0.224263 0.810291 -0.541419
0.5 0.707107 -0.5 0.75 0.25 0.224263 0.810291 -0.541419
0 0.707107 -0.707107 0.625 0.25 0.224263 0.810291 -0.541419
0.270598 0.92388 -0.270598 0.75 0.125 0.224263 0.810291 -0.541419
0.5 0.707107 -0.5 0.75 0.25 0.224263 0.810291 -0.541419
0 0.92388 -0.382683 0.625 0.125 0.224263 0.810291 -0.541419
0.270598 0.92388 -0.270598 0.75 0.125 0.541419 0.810291 -0.224263
0.707107 0.707107 -0 0.875 0.25 0.541419 0.810291 -0.224263
0.5 0.707107 -0.5 0.75 0.25 0.541419 0.810291 -0.224263
0.382683 0.92388 -0 0.875 0.125 0.541419 0.810291 -0.224263
0.707107 0.707107 -0 0.875 0.25 0.541419 0.810291 -0.224263
0.270598 0.92388 -0.270598 0.75 0.125 0.541419 0.810291 -0.224263
0.382683 0.92388 -0 0.875 0.125 0.541419 0.810291 0.224263
0.5 0.707107 0.5 1 0.25 0.541419 0.810291 0.224263
0.707107 0.707107 -0 0.875 0.25 0.541419 0.810291 0.224263
0.270598 0.92388 0.270598 1 0.125 0.541419 0.810291 0.224263
0.5 0.707107 0.5 1 0.25 0.541419 0.810291 0.224263
0.382683 0.92388 -0 0.875 0.125 0.541419 0.810291 0.224263
0 -1 -0 0.0625 1 0.080547 -0.977599 0.194457
0.270598 -0.92388 0.270598 0 0.875 0.080547 -0.977599 0.194457
0 -0.92388 0.382683 0.125 0.875 0.080546 -0.977599 0.194457
0 -1 -0 0.1875 1 -0.080547 -0.977599 0.194457
0 -0.92388 0.382683 0.125 0.875 -0.080546 -0.977599 0.194457
-0.270598 -0.92388 0.270598 0.25 0.875 -0.080547 -0.977599 0.194457
0 -1 -0 0.3125 1 -0.194457 -0.977599 0.080546
-0.270598 -0.92388 0.270598 0.25 0.875 -0.194457 -0.977599 0.080546
-0.382683 -0.92388 -0 0.375 0.875 -0.194457 -0.977599 0.080546
0 -1 -0 0.4375 1 -0.194457 -0.977599 -0.080546
-0.382683 -0.92388 -0 0.375 0.875 -0.194457 -0.977599 -0.080546
-0.270598 -0.92388 -0.270598 0.5 0.875 -0.194457 -0.977599 -0.080546
0 -1 -0 0.5625 1 -0.080547 -0.977599 -0.194456
-0.270598 -0.92388 -0.270598 0.5 0.875 -0.080547 -0.977599 -0.194457
0 -0.92388 -0.382683 0.625 0.875 -0.080547 -0.977599 -0.194457
0 -1 -0 0.6875 1 0.080547 -0.977599 -0.194456
0 -0.92388 -0.382683 0.625 0.875 0.080547 -0.977599 -0.194457
0.270598 -0.92388 -0.270598 0.75 0.875 0.080547 -0.977599 -0.194457
0 -1 -0 0.8125 1 0.194457 -0.977599 -0.080546
0.270598 -0.92388 -0.270598 0.75 0.875 0.194457 -0.977599 -0.080546
0.382683 -0.92388 -0 0.875 0.875 0.194457 -0.977599 -0.080546
0 -1 -0 0.9375 1 0.194457 -0.977599 0.080546
0.382683 -0.92388 -0 0.875 0.875 0.194457 -0.977599 0.080546
0.270598 -0.92388 0.270598 1 0.875 0.194457 -0.977599 0.080546
0 1 -0 0.0625 0 0.080547 0.977599 0.194457
0 0.92388 0.382683 0.125 0.125 0.080546 0.977599 0.194457
0.270598 0.92388 0.270598 0 0.125 0.080547 0.977599 0.194457
0 1 -0 0.1875 0 -0.080547 0.977599 0.194457
-0.270598 0.92388 0.270598 0.25 0.125 -0.080547 0.977599 0.194457
0 0.92388 0.382683 0.125 0.125 -0.080546 0.977599 0.194457
0 1 -0 0.3125 0 -0.194457 0.977599 0.080546
-0.382683 0.92388 -0 0.375 0.125 -0.194457 0.977599 0.080546
-0.270598 0.92388 0.270598 0.25 0.125 -0.194457 0.977599 0.080546
0 1 -0 0.4375 0 -0.194457 0.977599 -0.080546
-0.270598 0.92388 -0.270598 0.5 0.125 -0.194457 0.977599 -0.080546
-0.382683 0.92388 -0 0.375 0.125 -0.194457 0.977599 -0.080546
0 1 -0 0.5625 0 -0.080547 0.977599 -0.194456
0 0.92388 -0.382683 0.625 0.125 -0.080547 0.977599 -0.194457
-0.270598 0.92388 -0.270598 0.5 0.125 -0.080547 0.977599 -0.194457
0 1 -0 0.6875 0 0.080547 0.977599 -0.194456
0.270598 0.92388 -0.270598 0.75 0.125 0.080547 0.977599 -0.194457
0 0.92388 -0.382683 0.625 0.125 0.080547 0.977599 -0.194457
0 1 -0 0.8125 0 0.194457 0.977599 -0.080546
0.382683 0.92388 -0 0.875 0.125 0.194457 0.977599 -0.080546
0.270598 0.92388 -0.270598 0.75 0.125 0.194457 0.977599 -0.080546
0 1 -0 0.9375 0 0.194457 0.977599 0.080546
0.270598 0.92388 0.270598 1 0.125 0.194457 0.977599 0.080546
0.382683 0.92388 -0 0.875 0.125 0.194457 0.977599 0.080546
