Vertex Count:324

Data:

-4.0001 -5 -8.0002 0.393546 0.018483 -0.032761 -0.999329 -0.016381
4.0001 -5 8.0002 0.605018 0.231517 0.032761 -0.999329 0.016381
-4.0001 -5 8.0002 0.394982 0.231517 -0.032761 -0.999329 0.016381
4.0001 -5 -8.0002 0.606454 0.018483 0.032761 -0.999329 -0.016381
4.0001 -5 8.0002 0.605018 0.231517 0.032761 -0.999329 0.016381
-4.0001 -5 -8.0002 0.393546 0.018483 -0.032761 -0.999329 -0.016381
-4.0001 -4.0001 -10 0.393624 0.980023 -0.065286 -0.065286 -0.995729
4.0001 4.0001 -10 0.604285 0.771001 0.065286 0.065286 -0.995729
4.0001 -4.0001 -10 0.606376 0.980023 0.065286 -0.065286 -0.995729
-4.0001 4.0001 -10 0.395715 0.771001 -0.065286 0.065286 -0.995729
4.0001 4.0001 -10 0.604285 0.771001 0.065286 0.065286 -0.995729
-4.0001 -4.0001 -10 0.393624 0.980023 -0.065286 -0.065286 -0.995729
-5 -4.0001 -8.0002 0.356591 0.980052 -0.999329 -0.032761 -0.016381
-5 4.0001 8.0002 0.143509 0.768557 -0.999329 0.032761 0.016381
-5 4.0001 -8.0002 0.357098 0.770231 -0.999329 0.032761 -0.016381
-5 -4.0001 8.0002 0.143487 0.981456 -0.999329 -0.032761 0.016381
-5 4.0001 8.0002 0.143509 0.768557 -0.999329 0.032761 0.016381
-5 -4.0001 -8.0002 0.356591 0.980052 -0.999329 -0.032761 -0.016381
5 -4.0001 -8.0002 0.643409 0.980052 0.999329 -0.032761 -0.016381
5 4.0001 8.0002 0.856491 0.768557 0.999329 0.032761 0.016381
5 -4.0001 8.0002 0.856513 0.981456 0.999329 -0.032761 0.016381
5 4.0001 -8.0002 0.642902 0.770231 0.999329 0.032761 -0.016381
5 4.0001 8.0002 0.856491 0.768557 0.999329 0.032761 0.016381
5 -4.0001 -8.0002 0.643409 0.980052 0.999329 -0.032761 -0.016381
-4.0001 5 -8.0002 0.395224 0.732213 -0.032761 0.999329 -0.016381
4.0001 5 8.0002 0.604925 0.518527 0.032761 0.999329 0.016381
4.0001 5 -8.0002 0.604776 0.732213 0.032761 0.999329 -0.016381
-4.0001 5 8.0002 0.395075 0.518527 -0.032761 0.999329 0.016381
4.0001 5 8.0002 0.604925 0.518527 0.032761 0.999329 0.016381
-4.0001 5 -8.0002 0.395224 0.732213 -0.032761 0.999329 -0.016381
-4.0001 4.0001 10 0.395068 0.481529 -0.065286 0.065286 0.995729
4.0001 -4.0001 10 0.604953 0.268484 0.065286 -0.065286 0.995729
4.0001 4.0001 10 0.604932 0.481529 0.065286 0.065286 0.995729
-4.0001 -4.0001 10 0.395047 0.268484 -0.065286 -0.065286 0.995729
4.0001 -4.0001 10 0.604953 0.268484 0.065286 -0.065286 0.995729
-4.0001 4.0001 10 0.395068 0.481529 -0.065286 0.065286 0.995729
-4.0001 -5 8.0002 0.394982 0.231517 -0.032761 -0.999329 0.016381
-4.70714 -4.70714 -8.0002 0.375 0.01634 -0.707059 -0.707059 -0.011654
-4.0001 -5 -8.0002 0.393546 0.018483 -0.032761 -0.999329 -0.016381
-4.70714 -4.70714 8.0002 0.375 0.23366 -0.707059 -0.707059 0.011654
-4.70714 -4.70714 -8.0002 0.375 0.01634 -0.707059 -0.707059 -0.011654
-4.0001 -5 8.0002 0.394982 0.231517 -0.032761 -0.999329 0.016381
-4.70714 -4.70714 8.0002 0.14134 1 -0.707059 -0.707059 0.011654
-5 -4.0001 -8.0002 0.356591 0.980052 -0.999329 -0.032761 -0.016381
-4.70714 -4.70714 -8.0002 0.35866 1 -0.707059 -0.707059 -0.011654
-5 -4.0001 8.0002 0.143487 0.981456 -0.999329 -0.032761 0.016381
-5 -4.0001 -8.0002 0.356591 0.980052 -0.999329 -0.032761 -0.016381
-4.70714 -4.70714 8.0002 0.14134 1 -0.707059 -0.707059 0.011654
4.0001 -4.0001 -10 0.606376 0.980023 0.065286 -0.065286 -0.995729
-4.0001 -4.70714 -9.41427 0.39134 1 -0.029471 -0.894039 -0.447019
-4.0001 -4.0001 -10 0.393624 0.980023 -0.065286 -0.065286 -0.995729
4.0001 -4.70714 -9.41427 0.60866 1 0.029471 -0.894039 -0.447019
-4.0001 -4.70714 -9.41427 0.39134 1 -0.029471 -0.894039 -0.447019
4.0001 -4.0001 -10 0.606376 0.980023 0.065286 -0.065286 -0.995729
4.0001 -4.70714 -9.41427 0.60866 0 0.029471 -0.894039 -0.447019
-4.0001 -5 -8.0002 0.393546 0.018483 -0.032761 -0.999329 -0.016381
-4.0001 -4.70714 -9.41427 0.39134 0 -0.029471 -0.894039 -0.447019
4.0001 -5 -8.0002 0.606454 0.018483 0.032761 -0.999329 -0.016381
-4.0001 -5 -8.0002 0.393546 0.018483 -0.032761 -0.999329 -0.016381
4.0001 -4.70714 -9.41427 0.60866 0 0.029471 -0.894039 -0.447019
-5 4.0001 -8.0002 0.357098 0.770231 -0.999329 0.032761 -0.016381
-4.70714 -4.0001 -9.41427 0.375107 0.980283 -0.894039 -0.029471 -0.447019
-5 -4.0001 -8.0002 0.356591 0.980052 -0.999329 -0.032761 -0.016381
-4.70714 4.0001 -9.41427 0.376265 0.770309 -0.894039 0.029471 -0.447019
-4.70714 -4.0001 -9.41427 0.375107 0.980283 -0.894039 -0.029471 -0.447019
-5 4.0001 -8.0002 0.357098 0.770231 -0.999329 0.032761 -0.016381
-4.70714 4.0001 -9.41427 0.376265 0.770309 -0.894039 0.029471 -0.447019
-4.0001 -4.0001 -10 0.393624 0.980023 -0.065286 -0.065286 -0.995729
-4.70714 -4.0001 -9.41427 0.375107 0.980283 -0.894039 -0.029471 -0.447019
-4.0001 4.0001 -10 0.395715 0.771001 -0.065286 0.065286 -0.995729
-4.0001 -4.0001 -10 0.393624 0.980023 -0.065286 -0.065286 -0.995729
-4.70714 4.0001 -9.41427 0.376265 0.770309 -0.894039 0.029471 -0.447019
5 -4.0001 8.0002 0.856513 0.981456 0.999329 -0.032761 0.016381
4.70714 -4.70714 -8.0002 0.64134 1 0.707059 -0.707059 -0.011654
5 -4.0001 -8.0002 0.643409 0.980052 0.999329 -0.032761 -0.016381
4.70714 -4.70714 8.0002 0.85866 1 0.707059 -0.707059 0.011654
4.70714 -4.70714 -8.0002 0.64134 1 0.707059 -0.707059 -0.011654
5 -4.0001 8.0002 0.856513 0.981456 0.999329 -0.032761 0.016381
4.70714 -4.70714 8.0002 0.625 0.23366 0.707059 -0.707059 0.011654
4.0001 -5 -8.0002 0.606454 0.018483 0.032761 -0.999329 -0.016381
4.70714 -4.70714 -8.0002 0.625 0.01634 0.707059 -0.707059 -0.011654
4.0001 -5 8.0002 0.605018 0.231517 0.032761 -0.999329 0.016381
4.0001 -5 -8.0002 0.606454 0.018483 0.032761 -0.999329 -0.016381
4.70714 -4.70714 8.0002 0.625 0.23366 0.707059 -0.707059 0.011654
4.0001 4.0001 -10 0.604285 0.771001 0.065286 0.065286 -0.995729
4.70714 -4.0001 -9.41427 0.624893 0.980283 0.894039 -0.029471 -0.447019
4.0001 -4.0001 -10 0.606376 0.980023 0.065286 -0.065286 -0.995729
4.70714 4.0001 -9.41427 0.623735 0.770309 0.894039 0.029471 -0.447019
4.70714 -4.0001 -9.41427 0.624893 0.980283 0.894039 -0.029471 -0.447019
4.0001 4.0001 -10 0.604285 0.771001 0.065286 0.065286 -0.995729
4.70714 4.0001 -9.41427 0.623735 0.770309 0.894039 0.029471 -0.447019
5 -4.0001 -8.0002 0.643409 0.980052 0.999329 -0.032761 -0.016381
4.70714 -4.0001 -9.41427 0.624893 0.980283 0.894039 -0.029471 -0.447019
5 4.0001 -8.0002 0.642902 0.770231 0.999329 0.032761 -0.016381
5 -4.0001 -8.0002 0.643409 0.980052 0.999329 -0.032761 -0.016381
4.70714 4.0001 -9.41427 0.623735 0.770309 0.894039 0.029471 -0.447019
-5 4.0001 8.0002 0.143509 0.768557 -0.999329 0.032761 0.016381
-4.70714 4.70714 -8.0002 0.35866 0.75 -0.707059 0.707059 -0.011654
-5 4.0001 -8.0002 0.357098 0.770231 -0.999329 0.032761 -0.016381
-4.70714 4.70714 8.0002 0.14134 0.75 -0.707059 0.707059 0.011654
-4.70714 4.70714 -8.0002 0.35866 0.75 -0.707059 0.707059 -0.011654
-5 4.0001 8.0002 0.143509 0.768557 -0.999329 0.032761 0.016381
-4.70714 4.70714 8.0002 0.375 0.51634 -0.707059 0.707059 0.011654
-4.0001 5 -8.0002 0.395224 0.732213 -0.032761 0.999329 -0.016381
-4.70714 4.70714 -8.0002 0.375 0.73366 -0.707059 0.707059 -0.011654
-4.0001 5 8.0002 0.395075 0.518527 -0.032761 0.999329 0.016381
-4.0001 5 -8.0002 0.395224 0.732213 -0.032761 0.999329 -0.016381
-4.70714 4.70714 8.0002 0.375 0.51634 -0.707059 0.707059 0.011654
4.0001 5 -8.0002 0.604776 0.732213 0.032761 0.999329 -0.016381
-4.0001 4.70714 -9.41427 0.395174 0.751456 -0.029471 0.894039 -0.447019
-4.0001 5 -8.0002 0.395224 0.732213 -0.032761 0.999329 -0.016381
4.0001 4.70714 -9.41427 0.604826 0.751456 0.029471 0.894039 -0.447019
-4.0001 4.70714 -9.41427 0.395174 0.751456 -0.029471 0.894039 -0.447019
4.0001 5 -8.0002 0.604776 0.732213 0.032761 0.999329 -0.016381
4.0001 4.70714 -9.41427 0.604826 0.751456 0.029471 0.894039 -0.447019
-4.0001 4.0001 -10 0.395715 0.771001 -0.065286 0.065286 -0.995729
-4.0001 4.70714 -9.41427 0.395174 0.751456 -0.029471 0.894039 -0.447019
4.0001 4.0001 -10 0.604285 0.771001 0.065286 0.065286 -0.995729
-4.0001 4.0001 -10 0.395715 0.771001 -0.065286 0.065286 -0.995729
4.0001 4.70714 -9.41427 0.604826 0.751456 0.029471 0.894039 -0.447019
4.0001 5 8.0002 0.604925 0.518527 0.032761 0.999329 0.016381
4.70714 4.70714 -8.0002 0.625 0.73366 0.707059 0.707059 -0.011654
4.0001 5 -8.0002 0.604776 0.732213 0.032761 0.999329 -0.016381
4.70714 4.70714 8.0002 0.625 0.51634 0.707059 0.707059 0.011654
4.70714 4.70714 -8.0002 0.625 0.73366 0.707059 0.707059 -0.011654
4.0001 5 8.0002 0.604925 0.518527 0.032761 0.999329 0.016381
4.70714 4.70714 8.0002 0.85866 0.75 0.707059 0.707059 0.011654
5 4.0001 -8.0002 0.642902 0.770231 0.999329 0.032761 -0.016381
4.70714 4.70714 -8.0002 0.64134 0.75 0.707059 0.707059 -0.011654
5 4.0001 8.0002 0.856491 0.768557 0.999329 0.032761 0.016381
5 4.0001 -8.0002 0.642902 0.770231 0.999329 0.032761 -0.016381
4.70714 4.70714 8.0002 0.85866 0.75 0.707059 0.707059 0.011654
-5 -4.0001 8.0002 0.143487 0.981456 -0.999329 -0.032761 0.016381
-4.70714 4.0001 9.41427 0.125 0.76634 -0.894039 0.029471 0.447019
-5 4.0001 8.0002 0.143509 0.768557 -0.999329 0.032761 0.016381
-4.70714 -4.0001 9.41427 0.125 0.98366 -0.894039 -0.029471 0.447019
-4.70714 4.0001 9.41427 0.125 0.76634 -0.894039 0.029471 0.447019
-5 -4.0001 8.0002 0.143487 0.981456 -0.999329 -0.032761 0.016381
-4.70714 -4.0001 9.41427 0.375 0.26634 -0.894039 -0.029471 0.447019
-4.0001 4.0001 10 0.395068 0.481529 -0.065286 0.065286 0.995729
-4.70714 4.0001 9.41427 0.375 0.48366 -0.894039 0.029471 0.447019
-4.0001 -4.0001 10 0.395047 0.268484 -0.065286 -0.065286 0.995729
-4.0001 4.0001 10 0.395068 0.481529 -0.065286 0.065286 0.995729
-4.70714 -4.0001 9.41427 0.375 0.26634 -0.894039 -0.029471 0.447019
4.0001 4.0001 10 0.604932 0.481529 0.065286 0.065286 0.995729
-4.0001 4.70714 9.41427 0.394819 0.500026 -0.029471 0.894039 0.447019
-4.0001 4.0001 10 0.395068 0.481529 -0.065286 0.065286 0.995729
4.0001 4.70714 9.41427 0.605181 0.500026 0.029471 0.894039 0.447019
-4.0001 4.70714 9.41427 0.394819 0.500026 -0.029471 0.894039 0.447019
4.0001 4.0001 10 0.604932 0.481529 0.065286 0.065286 0.995729
4.0001 4.70714 9.41427 0.605181 0.500026 0.029471 0.894039 0.447019
-4.0001 5 8.0002 0.395075 0.518527 -0.032761 0.999329 0.016381
-4.0001 4.70714 9.41427 0.394819 0.500026 -0.029471 0.894039 0.447019
4.0001 5 8.0002 0.604925 0.518527 0.032761 0.999329 0.016381
-4.0001 5 8.0002 0.395075 0.518527 -0.032761 0.999329 0.016381
4.0001 4.70714 9.41427 0.605181 0.500026 0.029471 0.894039 0.447019
4.0001 -4.0001 10 0.604953 0.268484 0.065286 -0.065286 0.995729
4.70714 4.0001 9.41427 0.625 0.48366 0.894039 0.029471 0.447019
4.0001 4.0001 10 0.604932 0.481529 0.065286 0.065286 0.995729
4.70714 -4.0001 9.41427 0.625 0.26634 0.894039 -0.029471 0.447019
4.70714 4.0001 9.41427 0.625 0.48366 0.894039 0.029471 0.447019
4.0001 -4.0001 10 0.604953 0.268484 0.065286 -0.065286 0.995729
4.70714 -4.0001 9.41427 0.875 0.98366 0.894039 -0.029471 0.447019
5 4.0001 8.0002 0.856491 0.768557 0.999329 0.032761 0.016381
4.70714 4.0001 9.41427 0.875 0.76634 0.894039 0.029471 0.447019
5 -4.0001 8.0002 0.856513 0.981456 0.999329 -0.032761 0.016381
5 4.0001 8.0002 0.856491 0.768557 0.999329 0.032761 0.016381
4.70714 -4.0001 9.41427 0.875 0.98366 0.894039 -0.029471 0.447019
4.0001 -5 8.0002 0.605018 0.231517 0.032761 -0.999329 0.016381
-4.0001 -4.70714 9.41427 0.394768 0.25 -0.029471 -0.894039 0.447019
-4.0001 -5 8.0002 0.394982 0.231517 -0.032761 -0.999329 0.016381
4.0001 -4.70714 9.41427 0.605232 0.25 0.029471 -0.894039 0.447019
-4.0001 -4.70714 9.41427 0.394768 0.25 -0.029471 -0.894039 0.447019
4.0001 -5 8.0002 0.605018 0.231517 0.032761 -0.999329 0.016381
4.0001 -4.70714 9.41427 0.605232 0.25 0.029471 -0.894039 0.447019
-4.0001 -4.0001 10 0.395047 0.268484 -0.065286 -0.065286 0.995729
-4.0001 -4.70714 9.41427 0.394768 0.25 -0.029471 -0.894039 0.447019
4.0001 -4.0001 10 0.604953 0.268484 0.065286 -0.065286 0.995729
-4.0001 -4.0001 10 0.395047 0.268484 -0.065286 -0.065286 0.995729
4.0001 -4.70714 9.41427 0.605232 0.25 0.029471 -0.894039 0.447019
-4.56908 -4.56908 -9.13816 0.375 1 -0.666667 -0.666667 -0.333333
-5 -4.0001 -8.0002 0.356591 0.980052 -0.999329 -0.032761 -0.016381
-4.70714 -4.0001 -9.41427 0.375107 0.980283 -0.894039 -0.029471 -0.447019
-4.70714 -4.70714 -8.0002 0.35866 1 -0.707059 -0.707059 -0.011654
-5 -4.0001 -8.0002 0.356591 0.980052 -0.999329 -0.032761 -0.016381
-4.56908 -4.56908 -9.13816 0.375 1 -0.666667 -0.666667 -0.333333
-4.56908 -4.56908 -9.13816 0.375 0 -0.666667 -0.666667 -0.333333
-4.0001 -5 -8.0002 0.393546 0.018483 -0.032761 -0.999329 -0.016381
-4.70714 -4.70714 -8.0002 0.375 0.01634 -0.707059 -0.707059 -0.011654
-4.0001 -4.70714 -9.41427 0.39134 0 -0.029471 -0.894039 -0.447019
-4.0001 -5 -8.0002 0.393546 0.018483 -0.032761 -0.999329 -0.016381
-4.56908 -4.56908 -9.13816 0.375 0 -0.666667 -0.666667 -0.333333
-4.56908 -4.56908 -9.13816 0.375 1 -0.666667 -0.666667 -0.333333
-4.0001 -4.0001 -10 0.393624 0.980023 -0.065286 -0.065286 -0.995729
-4.0001 -4.70714 -9.41427 0.39134 1 -0.029471 -0.894039 -0.447019
-4.70714 -4.0001 -9.41427 0.375107 0.980283 -0.894039 -0.029471 -0.447019
-4.0001 -4.0001 -10 0.393624 0.980023 -0.065286 -0.065286 -0.995729
-4.56908 -4.56908 -9.13816 0.375 1 -0.666667 -0.666667 -0.333333
4.56908 -4.56908 -9.13816 0.625 0 0.666667 -0.666667 -0.333333
4.0001 -5 -8.0002 0.606454 0.018483 0.032761 -0.999329 -0.016381
4.0001 -4.70714 -9.41427 0.60866 0 0.029471 -0.894039 -0.447019
4.70714 -4.70714 -8.0002 0.625 0.01634 0.707059 -0.707059 -0.011654
4.0001 -5 -8.0002 0.606454 0.018483 0.032761 -0.999329 -0.016381
4.56908 -4.56908 -9.13816 0.625 0 0.666667 -0.666667 -0.333333
4.56908 -4.56908 -9.13816 0.625 1 0.666667 -0.666667 -0.333333
5 -4.0001 -8.0002 0.643409 0.980052 0.999329 -0.032761 -0.016381
4.70714 -4.70714 -8.0002 0.64134 1 0.707059 -0.707059 -0.011654
4.70714 -4.0001 -9.41427 0.624893 0.980283 0.894039 -0.029471 -0.447019
5 -4.0001 -8.0002 0.643409 0.980052 0.999329 -0.032761 -0.016381
4.56908 -4.56908 -9.13816 0.625 1 0.666667 -0.666667 -0.333333
4.56908 -4.56908 -9.13816 0.625 1 0.666667 -0.666667 -0.333333
4.0001 -4.0001 -10 0.606376 0.980023 0.065286 -0.065286 -0.995729
4.70714 -4.0001 -9.41427 0.624893 0.980283 0.894039 -0.029471 -0.447019
4.0001 -4.70714 -9.41427 0.60866 1 0.029471 -0.894039 -0.447019
4.0001 -4.0001 -10 0.606376 0.980023 0.065286 -0.065286 -0.995729
4.56908 -4.56908 -9.13816 0.625 1 0.666667 -0.666667 -0.333333
-4.56908 4.56908 -9.13816 0.375 0.75 -0.666667 0.666667 -0.333333
-4.0001 5 -8.0002 0.395224 0.732213 -0.032761 0.999329 -0.016381
-4.0001 4.70714 -9.41427 0.395174 0.751456 -0.029471 0.894039 -0.447019
-4.70714 4.70714 -8.0002 0.375 0.73366 -0.707059 0.707059 -0.011654
-4.0001 5 -8.0002 0.395224 0.732213 -0.032761 0.999329 -0.016381
-4.56908 4.56908 -9.13816 0.375 0.75 -0.666667 0.666667 -0.333333
-4.56908 4.56908 -9.13816 0.375 0.75 -0.666667 0.666667 -0.333333
-5 4.0001 -8.0002 0.357098 0.770231 -0.999329 0.032761 -0.016381
-4.70714 4.70714 -8.0002 0.35866 0.75 -0.707059 0.707059 -0.011654
-4.70714 4.0001 -9.41427 0.376265 0.770309 -0.894039 0.029471 -0.447019
-5 4.0001 -8.0002 0.357098 0.770231 -0.999329 0.032761 -0.016381
-4.56908 4.56908 -9.13816 0.375 0.75 -0.666667 0.666667 -0.333333
-4.56908 4.56908 -9.13816 0.375 0.75 -0.666667 0.666667 -0.333333
-4.0001 4.0001 -10 0.395715 0.771001 -0.065286 0.065286 -0.995729
-4.70714 4.0001 -9.41427 0.376265 0.770309 -0.894039 0.029471 -0.447019
-4.0001 4.70714 -9.41427 0.395174 0.751456 -0.029471 0.894039 -0.447019
-4.0001 4.0001 -10 0.395715 0.771001 -0.065286 0.065286 -0.995729
-4.56908 4.56908 -9.13816 0.375 0.75 -0.666667 0.666667 -0.333333
4.56908 4.56908 -9.13816 0.625 0.75 0.666667 0.666667 -0.333333
5 4.0001 -8.0002 0.642902 0.770231 0.999329 0.032761 -0.016381
4.70714 4.0001 -9.41427 0.623735 0.770309 0.894039 0.029471 -0.447019
4.70714 4.70714 -8.0002 0.64134 0.75 0.707059 0.707059 -0.011654
5 4.0001 -8.0002 0.642902 0.770231 0.999329 0.032761 -0.016381
4.56908 4.56908 -9.13816 0.625 0.75 0.666667 0.666667 -0.333333
4.56908 4.56908 -9.13816 0.625 0.75 0.666667 0.666667 -0.333333
4.0001 5 -8.0002 0.604776 0.732213 0.032761 0.999329 -0.016381
4.70714 4.70714 -8.0002 0.625 0.73366 0.707059 0.707059 -0.011654
4.0001 4.70714 -9.41427 0.604826 0.751456 0.029471 0.894039 -0.447019
4.0001 5 -8.0002 0.604776 0.732213 0.032761 0.999329 -0.016381
4.56908 4.56908 -9.13816 0.625 0.75 0.666667 0.666667 -0.333333
4.56908 4.56908 -9.13816 0.625 0.75 0.666667 0.666667 -0.333333
4.0001 4.0001 -10 0.604285 0.771001 0.065286 0.065286 -0.995729
4.0001 4.70714 -9.41427 0.604826 0.751456 0.029471 0.894039 -0.447019
4.70714 4.0001 -9.41427 0.623735 0.770309 0.894039 0.029471 -0.447019
4.0001 4.0001 -10 0.604285 0.771001 0.065286 0.065286 -0.995729
4.56908 4.56908 -9.13816 0.625 0.75 0.666667 0.666667 -0.333333
-4.56908 4.56908 9.13816 0.375 0.5 -0.666667 0.666667 0.333333
-4.0001 4.0001 10 0.395068 0.481529 -0.065286 0.065286 0.995729
-4.0001 4.70714 9.41427 0.394819 0.500026 -0.029471 0.894039 0.447019
-4.70714 4.0001 9.41427 0.375 0.48366 -0.894039 0.029471 0.447019
-4.0001 4.0001 10 0.395068 0.481529 -0.065286 0.065286 0.995729
-4.56908 4.56908 9.13816 0.375 0.5 -0.666667 0.666667 0.333333
-4.56908 4.56908 9.13816 0.125 0.75 -0.666667 0.666667 0.333333
-5 4.0001 8.0002 0.143509 0.768557 -0.999329 0.032761 0.016381
-4.70714 4.0001 9.41427 0.125 0.76634 -0.894039 0.029471 0.447019
-4.70714 4.70714 8.0002 0.14134 0.75 -0.707059 0.707059 0.011654
-5 4.0001 8.0002 0.143509 0.768557 -0.999329 0.032761 0.016381
-4.56908 4.56908 9.13816 0.125 0.75 -0.666667 0.666667 0.333333
-4.56908 4.56908 9.13816 0.375 0.5 -0.666667 0.666667 0.333333
-4.0001 5 8.0002 0.395075 0.518527 -0.032761 0.999329 0.016381
-4.70714 4.70714 8.0002 0.375 0.51634 -0.707059 0.707059 0.011654
-4.0001 4.70714 9.41427 0.394819 0.500026 -0.029471 0.894039 0.447019
-4.0001 5 8.0002 0.395075 0.518527 -0.032761 0.999329 0.016381
-4.56908 4.56908 9.13816 0.375 0.5 -0.666667 0.666667 0.333333
4.56908 4.56908 9.13816 0.875 0.75 0.666667 0.666667 0.333333
5 4.0001 8.0002 0.856491 0.768557 0.999329 0.032761 0.016381
4.70714 4.70714 8.0002 0.85866 0.75 0.707059 0.707059 0.011654
4.70714 4.0001 9.41427 0.875 0.76634 0.894039 0.029471 0.447019
5 4.0001 8.0002 0.856491 0.768557 0.999329 0.032761 0.016381
4.56908 4.56908 9.13816 0.875 0.75 0.666667 0.666667 0.333333
4.56908 4.56908 9.13816 0.625 0.5 0.666667 0.666667 0.333333
4.0001 4.0001 10 0.604932 0.481529 0.065286 0.065286 0.995729
4.70714 4.0001 9.41427 0.625 0.48366 0.894039 0.029471 0.447019
4.0001 4.70714 9.41427 0.605181 0.500026 0.029471 0.894039 0.447019
4.0001 4.0001 10 0.604932 0.481529 0.065286 0.065286 0.995729
4.56908 4.56908 9.13816 0.625 0.5 0.666667 0.666667 0.333333
4.56908 4.56908 9.13816 0.625 0.5 0.666667 0.666667 0.333333
4.0001 5 8.0002 0.604925 0.518527 0.032761 0.999329 0.016381
4.0001 4.70714 9.41427 0.605181 0.500026 0.029471 0.894039 0.447019
4.70714 4.70714 8.0002 0.625 0.51634 0.707059 0.707059 0.011654
4.0001 5 8.0002 0.604925 0.518527 0.032761 0.999329 0.016381
4.56908 4.56908 9.13816 0.625 0.5 0.666667 0.666667 0.333333
-4.56908 -4.56908 9.13816 0.375 0.25 -0.666667 -0.666667 0.333333
-4.0001 -5 8.0002 0.394982 0.231517 -0.032761 -0.999329 0.016381
-4.0001 -4.70714 9.41427 0.394768 0.25 -0.029471 -0.894039 0.447019
-4.70714 -4.70714 8.0002 0.375 0.23366 -0.707059 -0.707059 0.011654
-4.0001 -5 8.0002 0.394982 0.231517 -0.032761 -0.999329 0.016381
-4.56908 -4.56908 9.13816 0.375 0.25 -0.666667 -0.666667 0.333333
-4.56908 -4.56908 9.13816 0.125 1 -0.666667 -0.666667 0.333333
-5 -4.0001 8.0002 0.143487 0.981456 -0.999329 -0.032761 0.016381
-4.70714 -4.70714 8.0002 0.14134 1 -0.707059 -0.707059 0.011654
-4.70714 -4.0001 9.41427 0.125 0.98366 -0.894039 -0.029471 0.447019
-5 -4.0001 8.0002 0.143487 0.981456 -0.999329 -0.032761 0.016381
-4.56908 -4.56908 9.13816 0.125 1 -0.666667 -0.666667 0.333333
-4.56908 -4.56908 9.13816 0.375 0.25 -0.666667 -0.666667 0.333333
-4.0001 -4.0001 10 0.395047 0.268484 -0.065286 -0.065286 0.995729
-4.70714 -4.0001 9.41427 0.375 0.26634 -0.894039 -0.029471 0.447019
-4.0001 -4.70714 9.41427 0.394768 0.25 -0.029471 -0.894039 0.447019
-4.0001 -4.0001 10 0.395047 0.268484 -0.065286 -0.065286 0.995729
-4.56908 -4.56908 9.13816 0.375 0.25 -0.666667 -0.666667 0.333333
4.56908 -4.56908 9.13816 0.875 1 0.666667 -0.666667 0.333333
5 -4.0001 8.0002 0.856513 0.981456 0.999329 -0.032761 0.016381
4.70714 -4.0001 9.41427 0.875 0.98366 0.894039 -0.029471 0.447019
4.70714 -4.70714 8.0002 0.85866 1 0.707059 -0.707059 0.011654
5 -4.0001 8.0002 0.856513 0.981456 0.999329 -0.032761 0.016381
4.56908 -4.56908 9.13816 0.875 1 0.666667 -0.666667 0.333333
4.56908 -4.56908 9.13816 0.625 0.25 0.666667 -0.666667 0.333333
4.0001 -5 8.0002 0.605018 0.231517 0.032761 -0.999329 0.016381
4.70714 -4.70714 8.0002 0.625 0.23366 0.707059 -0.707059 0.011654
4.0001 -4.70714 9.41427 0.605232 0.25 0.029471 -0.894039 0.447019
4.0001 -5 8.0002 0.605018 0.231517 0.032761 -0.999329 0.016381
4.56908 -4.56908 9.13816 0.625 0.25 0.666667 -0.666667 0.333333
4.56908 -4.56908 9.13816 0.625 0.25 0.666667 -0.666667 0.333333
4.0001 -4.0001 10 0.604953 0.268484 0.065286 -0.065286 0.995729
4.0001 -4.70714 9.41427 0.605232 0.25 0.029471 -0.894039 0.447019
4.70714 -4.0001 9.41427 0.625 0.26634 0.894039 -0.029471 0.447019
4.0001 -4.0001 10 0.604953 0.268484 0.065286 -0.065286 0.995729
4.56908 -4.56908 9.13816 0.625 0.25 0.666667 -0.666667 0.333333
