Vertex Count:792

Data:

2.84826 -3.75661 1.64444 -0.049447 0.833333 0.075118 -0.994341 0.075118
0.851227 -3.92032 1.47437 0.033886 0.916667 0.075118 -0.994341 0.075118
1.47437 -3.92032 0.851227 -0.049447 0.916667 0.075118 -0.994341 0.075118
1.64444 -3.75661 2.84826 0.033886 0.833333 0.075118 -0.994341 0.075118
0.851227 -3.92032 1.47437 0.033886 0.916667 0.075118 -0.994341 0.075118
2.84826 -3.75661 1.64444 -0.049447 0.833333 0.075118 -0.994341 0.075118
1.64444 -3.75661 2.84826 0.033886 0.833333 0.027495 -0.994341 0.102613
0 -3.92032 1.70245 0.11722 0.916667 0.027495 -0.994341 0.102613
0.851227 -3.92032 1.47437 0.033886 0.916667 0.027495 -0.994341 0.102613
0 -3.75661 3.28889 0.11722 0.833333 0.027495 -0.994341 0.102613
0 -3.92032 1.70245 0.11722 0.916667 0.027495 -0.994341 0.102613
1.64444 -3.75661 2.84826 0.033886 0.833333 0.027495 -0.994341 0.102613
0 -3.75661 3.28889 0.11722 0.833333 -0.027495 -0.994341 0.102613
-0.851227 -3.92032 1.47437 0.200553 0.916667 -0.027495 -0.994341 0.102613
0 -3.92032 1.70245 0.11722 0.916667 -0.027495 -0.994341 0.102613
-1.64444 -3.75661 2.84826 0.200553 0.833333 -0.027495 -0.994341 0.102613
-0.851227 -3.92032 1.47437 0.200553 0.916667 -0.027495 -0.994341 0.102613
0 -3.75661 3.28889 0.11722 0.833333 -0.027495 -0.994341 0.102613
-1.64444 -3.75661 2.84826 0.200553 0.833333 -0.075118 -0.994341 0.075118
-1.47437 -3.92032 0.851227 0.283886 0.916667 -0.075118 -0.994341 0.075118
-0.851227 -3.92032 1.47437 0.200553 0.916667 -0.075118 -0.994341 0.075118
-2.84826 -3.75661 1.64444 0.283886 0.833333 -0.075118 -0.994341 0.075118
-1.47437 -3.92032 0.851227 0.283886 0.916667 -0.075118 -0.994341 0.075118
-1.64444 -3.75661 2.84826 0.200553 0.833333 -0.075118 -0.994341 0.075118
-2.84826 -3.75661 1.64444 0.283886 0.833333 -0.102613 -0.994341 0.027495
-1.70245 -3.92032 -0 0.36722 0.916667 -0.102613 -0.994341 0.027495
-1.47437 -3.92032 0.851227 0.283886 0.916667 -0.102613 -0.994341 0.027495
-3.28889 -3.75661 -0 0.36722 0.833333 -0.102613 -0.994341 0.027495
-1.70245 -3.92032 -0 0.36722 0.916667 -0.102613 -0.994341 0.027495
-2.84826 -3.75661 1.64444 0.283886 0.833333 -0.102613 -0.994341 0.027495
-3.28889 -3.75661 -0 0.36722 0.833333 -0.102613 -0.994341 -0.027495
-1.47437 -3.92032 -0.851227 0.450553 0.916667 -0.102613 -0.994341 -0.027495
-1.70245 -3.92032 -0 0.36722 0.916667 -0.102613 -0.994341 -0.027495
-2.84826 -3.75661 -1.64444 0.450553 0.833333 -0.102613 -0.994341 -0.027495
-1.47437 -3.92032 -0.851227 0.450553 0.916667 -0.102613 -0.994341 -0.027495
-3.28889 -3.75661 -0 0.36722 0.833333 -0.102613 -0.994341 -0.027495
-2.84826 -3.75661 -1.64444 0.450553 0.833333 -0.075118 -0.994341 -0.075118
-0.851227 -3.92032 -1.47437 0.533886 0.916667 -0.075118 -0.994341 -0.075118
-1.47437 -3.92032 -0.851227 0.450553 0.916667 -0.075118 -0.994341 -0.075118
-1.64444 -3.75661 -2.84826 0.533886 0.833333 -0.075118 -0.994341 -0.075118
-0.851227 -3.92032 -1.47437 0.533886 0.916667 -0.075118 -0.994341 -0.075118
-2.84826 -3.75661 -1.64444 0.450553 0.833333 -0.075118 -0.994341 -0.075118
-1.64444 -3.75661 -2.84826 0.533886 0.833333 -0.027495 -0.994341 -0.102613
0 -3.92032 -1.70245 0.61722 0.916667 -0.027495 -0.994341 -0.102613
-0.851227 -3.92032 -1.47437 0.533886 0.916667 -0.027495 -0.994341 -0.102613
0 -3.75661 -3.28889 0.61722 0.833333 -0.027495 -0.994341 -0.102613
0 -3.92032 -1.70245 0.61722 0.916667 -0.027495 -0.994341 -0.102613
-1.64444 -3.75661 -2.84826 0.533886 0.833333 -0.027495 -0.994341 -0.102613
0 -3.75661 -3.28889 0.61722 0.833333 0.027495 -0.994341 -0.102613
0.851227 -3.92032 -1.47437 0.700553 0.916667 0.027495 -0.994341 -0.102613
0 -3.92032 -1.70245 0.61722 0.916667 0.027495 -0.994341 -0.102613
1.64444 -3.75661 -2.84826 0.700553 0.833333 0.027495 -0.994341 -0.102613
0.851227 -3.92032 -1.47437 0.700553 0.916667 0.027495 -0.994341 -0.102613
0 -3.75661 -3.28889 0.61722 0.833333 0.027495 -0.994341 -0.102613
1.64444 -3.75661 -2.84826 0.700553 0.833333 0.075118 -0.994341 -0.075118
1.47437 -3.92032 -0.851227 0.783886 0.916667 0.075118 -0.994341 -0.075118
0.851227 -3.92032 -1.47437 0.700553 0.916667 0.075118 -0.994341 -0.075118
2.84826 -3.75661 -1.64444 0.783886 0.833333 0.075118 -0.994341 -0.075118
1.47437 -3.92032 -0.851227 0.783886 0.916667 0.075118 -0.994341 -0.075118
1.64444 -3.75661 -2.84826 0.700553 0.833333 0.075118 -0.994341 -0.075118
2.84826 -3.75661 -1.64444 0.783886 0.833333 0.102613 -0.994341 -0.027495
1.70245 -3.92032 -0 0.86722 0.916667 0.102613 -0.994341 -0.027495
1.47437 -3.92032 -0.851227 0.783886 0.916667 0.102613 -0.994341 -0.027495
3.28889 -3.75661 -0 0.86722 0.833333 0.102613 -0.994341 -0.027495
1.70245 -3.92032 -0 0.86722 0.916667 0.102613 -0.994341 -0.027495
2.84826 -3.75661 -1.64444 0.783886 0.833333 0.102613 -0.994341 -0.027495
3.28889 -3.75661 -0 0.86722 0.833333 0.102613 -0.994341 0.027495
1.47437 -3.92032 0.851227 0.950553 0.916667 0.102613 -0.994341 0.027495
1.70245 -3.92032 -0 0.86722 0.916667 0.102613 -0.994341 0.027495
2.84826 -3.75661 1.64444 0.950553 0.833333 0.102613 -0.994341 0.027495
1.47437 -3.92032 0.851227 0.950553 0.916667 0.102613 -0.994341 0.027495
3.28889 -3.75661 -0 0.86722 0.833333 0.102613 -0.994341 0.027495
3.48003 -3.34622 2.00919 -0.049447 0.75 0.355866 -0.864129 0.355866
1.64444 -3.75661 2.84826 0.033886 0.833333 0.355866 -0.864129 0.355866
2.84826 -3.75661 1.64444 -0.049447 0.833333 0.355866 -0.864129 0.355866
2.00919 -3.34622 3.48003 0.033886 0.75 0.355866 -0.864129 0.355866
1.64444 -3.75661 2.84826 0.033886 0.833333 0.355866 -0.864129 0.355866
3.48003 -3.34622 2.00919 -0.049447 0.75 0.355866 -0.864129 0.355866
2.00919 -3.34622 3.48003 0.033886 0.75 0.130256 -0.864129 0.486123
0 -3.75661 3.28889 0.11722 0.833333 0.130256 -0.864128 0.486123
1.64444 -3.75661 2.84826 0.033886 0.833333 0.130256 -0.864129 0.486122
0 -3.34622 4.01839 0.11722 0.75 0.130256 -0.864128 0.486123
0 -3.75661 3.28889 0.11722 0.833333 0.130256 -0.864128 0.486123
2.00919 -3.34622 3.48003 0.033886 0.75 0.130256 -0.864129 0.486123
0 -3.34622 4.01839 0.11722 0.75 -0.130256 -0.864129 0.486123
-1.64444 -3.75661 2.84826 0.200553 0.833333 -0.130256 -0.864129 0.486122
0 -3.75661 3.28889 0.11722 0.833333 -0.130256 -0.864128 0.486123
-2.00919 -3.34622 3.48003 0.200553 0.75 -0.130256 -0.864129 0.486122
-1.64444 -3.75661 2.84826 0.200553 0.833333 -0.130256 -0.864129 0.486122
0 -3.34622 4.01839 0.11722 0.75 -0.130256 -0.864129 0.486123
-2.00919 -3.34622 3.48003 0.200553 0.75 -0.355866 -0.864129 0.355866
-2.84826 -3.75661 1.64444 0.283886 0.833333 -0.355866 -0.864129 0.355866
-1.64444 -3.75661 2.84826 0.200553 0.833333 -0.355867 -0.864129 0.355866
-3.48003 -3.34622 2.00919 0.283886 0.75 -0.355866 -0.864129 0.355866
-2.84826 -3.75661 1.64444 0.283886 0.833333 -0.355866 -0.864129 0.355866
-2.00919 -3.34622 3.48003 0.200553 0.75 -0.355866 -0.864129 0.355866
-3.48003 -3.34622 2.00919 0.283886 0.75 -0.486123 -0.864129 0.130256
-3.28889 -3.75661 -0 0.36722 0.833333 -0.486123 -0.864129 0.130256
-2.84826 -3.75661 1.64444 0.283886 0.833333 -0.486123 -0.864129 0.130256
-4.01839 -3.34622 -0 0.36722 0.75 -0.486123 -0.864129 0.130256
-3.28889 -3.75661 -0 0.36722 0.833333 -0.486123 -0.864129 0.130256
-3.48003 -3.34622 2.00919 0.283886 0.75 -0.486123 -0.864129 0.130256
-4.01839 -3.34622 -0 0.36722 0.75 -0.486123 -0.864129 -0.130256
-2.84826 -3.75661 -1.64444 0.450553 0.833333 -0.486123 -0.864128 -0.130256
-3.28889 -3.75661 -0 0.36722 0.833333 -0.486122 -0.864129 -0.130256
-3.48003 -3.34622 -2.00919 0.450553 0.75 -0.486123 -0.864128 -0.130256
-2.84826 -3.75661 -1.64444 0.450553 0.833333 -0.486123 -0.864128 -0.130256
-4.01839 -3.34622 -0 0.36722 0.75 -0.486123 -0.864129 -0.130256
-3.48003 -3.34622 -2.00919 0.450553 0.75 -0.355866 -0.864129 -0.355866
-1.64444 -3.75661 -2.84826 0.533886 0.833333 -0.355866 -0.864129 -0.355866
-2.84826 -3.75661 -1.64444 0.450553 0.833333 -0.355866 -0.864129 -0.355866
-2.00919 -3.34622 -3.48003 0.533886 0.75 -0.355866 -0.864129 -0.355866
-1.64444 -3.75661 -2.84826 0.533886 0.833333 -0.355866 -0.864129 -0.355866
-3.48003 -3.34622 -2.00919 0.450553 0.75 -0.355866 -0.864129 -0.355866
-2.00919 -3.34622 -3.48003 0.533886 0.75 -0.130256 -0.864129 -0.486123
0 -3.75661 -3.28889 0.61722 0.833333 -0.130256 -0.864128 -0.486123
-1.64444 -3.75661 -2.84826 0.533886 0.833333 -0.130256 -0.864129 -0.486122
0 -3.34622 -4.01839 0.61722 0.75 -0.130256 -0.864128 -0.486123
0 -3.75661 -3.28889 0.61722 0.833333 -0.130256 -0.864128 -0.486123
-2.00919 -3.34622 -3.48003 0.533886 0.75 -0.130256 -0.864129 -0.486123
0 -3.34622 -4.01839 0.61722 0.75 0.130256 -0.864129 -0.486123
1.64444 -3.75661 -2.84826 0.700553 0.833333 0.130256 -0.864129 -0.486122
0 -3.75661 -3.28889 0.61722 0.833333 0.130256 -0.864128 -0.486123
2.00919 -3.34622 -3.48003 0.700553 0.75 0.130256 -0.864129 -0.486122
1.64444 -3.75661 -2.84826 0.700553 0.833333 0.130256 -0.864129 -0.486122
0 -3.34622 -4.01839 0.61722 0.75 0.130256 -0.864129 -0.486123
2.00919 -3.34622 -3.48003 0.700553 0.75 0.355866 -0.864129 -0.355866
2.84826 -3.75661 -1.64444 0.783886 0.833333 0.355866 -0.864129 -0.355866
1.64444 -3.75661 -2.84826 0.700553 0.833333 0.355867 -0.864129 -0.355866
3.48003 -3.34622 -2.00919 0.783886 0.75 0.355866 -0.864129 -0.355866
2.84826 -3.75661 -1.64444 0.783886 0.833333 0.355866 -0.864129 -0.355866
2.00919 -3.34622 -3.48003 0.700553 0.75 0.355866 -0.864129 -0.355866
3.48003 -3.34622 -2.00919 0.783886 0.75 0.486123 -0.864129 -0.130256
3.28889 -3.75661 -0 0.86722 0.833333 0.486123 -0.864129 -0.130256
2.84826 -3.75661 -1.64444 0.783886 0.833333 0.486123 -0.864129 -0.130256
4.01839 -3.34622 -0 0.86722 0.75 0.486123 -0.864129 -0.130256
3.28889 -3.75661 -0 0.86722 0.833333 0.486123 -0.864129 -0.130256
3.48003 -3.34622 -2.00919 0.783886 0.75 0.486123 -0.864129 -0.130256
4.01839 -3.34622 -0 0.86722 0.75 0.486123 -0.864129 0.130256
2.84826 -3.75661 1.64444 0.950553 0.833333 0.486123 -0.864128 0.130256
3.28889 -3.75661 -0 0.86722 0.833333 0.486122 -0.864129 0.130256
3.48003 -3.34622 2.00919 0.950553 0.75 0.486123 -0.864128 0.130256
2.84826 -3.75661 1.64444 0.950553 0.833333 0.486123 -0.864128 0.130256
4.01839 -3.34622 -0 0.86722 0.75 0.486123 -0.864129 0.130256
3.99576 -2.55504 2.30695 -0.049447 0.666667 0.571923 -0.588054 0.571923
2.00919 -3.34622 3.48003 0.033886 0.75 0.571923 -0.588054 0.571923
3.48003 -3.34622 2.00919 -0.049447 0.75 0.571923 -0.588054 0.571923
2.30695 -2.55504 3.99576 0.033886 0.666667 0.571923 -0.588054 0.571923
2.00919 -3.34622 3.48003 0.033886 0.75 0.571923 -0.588054 0.571923
3.99576 -2.55504 2.30695 -0.049447 0.666667 0.571923 -0.588054 0.571923
2.30695 -2.55504 3.99576 0.033886 0.666667 0.209338 -0.588054 0.781262
0 -3.34622 4.01839 0.11722 0.75 0.209338 -0.588054 0.781262
2.00919 -3.34622 3.48003 0.033886 0.75 0.209338 -0.588054 0.781262
0 -2.55504 4.61391 0.11722 0.666667 0.209338 -0.588054 0.781262
0 -3.34622 4.01839 0.11722 0.75 0.209338 -0.588054 0.781262
2.30695 -2.55504 3.99576 0.033886 0.666667 0.209338 -0.588054 0.781262
0 -2.55504 4.61391 0.11722 0.666667 -0.209338 -0.588054 0.781262
-2.00919 -3.34622 3.48003 0.200553 0.75 -0.209338 -0.588054 0.781262
0 -3.34622 4.01839 0.11722 0.75 -0.209338 -0.588054 0.781262
-2.30695 -2.55504 3.99576 0.200553 0.666667 -0.209338 -0.588054 0.781262
-2.00919 -3.34622 3.48003 0.200553 0.75 -0.209338 -0.588054 0.781262
0 -2.55504 4.61391 0.11722 0.666667 -0.209338 -0.588054 0.781262
-2.30695 -2.55504 3.99576 0.200553 0.666667 -0.571923 -0.588054 0.571923
-3.48003 -3.34622 2.00919 0.283886 0.75 -0.571923 -0.588054 0.571923
-2.00919 -3.34622 3.48003 0.200553 0.75 -0.571923 -0.588054 0.571923
-3.99576 -2.55504 2.30695 0.283886 0.666667 -0.571923 -0.588054 0.571923
-3.48003 -3.34622 2.00919 0.283886 0.75 -0.571923 -0.588054 0.571923
-2.30695 -2.55504 3.99576 0.200553 0.666667 -0.571923 -0.588054 0.571923
-3.99576 -2.55504 2.30695 0.283886 0.666667 -0.781262 -0.588054 0.209338
-4.01839 -3.34622 -0 0.36722 0.75 -0.781262 -0.588054 0.209338
-3.48003 -3.34622 2.00919 0.283886 0.75 -0.781262 -0.588054 0.209339
-4.61391 -2.55504 -0 0.36722 0.666667 -0.781261 -0.588054 0.209338
-4.01839 -3.34622 -0 0.36722 0.75 -0.781262 -0.588054 0.209338
-3.99576 -2.55504 2.30695 0.283886 0.666667 -0.781262 -0.588054 0.209338
-4.61391 -2.55504 -0 0.36722 0.666667 -0.781261 -0.588054 -0.209338
-3.48003 -3.34622 -2.00919 0.450553 0.75 -0.781261 -0.588054 -0.209338
-4.01839 -3.34622 -0 0.36722 0.75 -0.781261 -0.588055 -0.209338
-3.99576 -2.55504 -2.30695 0.450553 0.666667 -0.781261 -0.588054 -0.209338
-3.48003 -3.34622 -2.00919 0.450553 0.75 -0.781261 -0.588054 -0.209338
-4.61391 -2.55504 -0 0.36722 0.666667 -0.781261 -0.588054 -0.209338
-3.99576 -2.55504 -2.30695 0.450553 0.666667 -0.571923 -0.588054 -0.571923
-2.00919 -3.34622 -3.48003 0.533886 0.75 -0.571923 -0.588054 -0.571923
-3.48003 -3.34622 -2.00919 0.450553 0.75 -0.571923 -0.588054 -0.571923
-2.30695 -2.55504 -3.99576 0.533886 0.666667 -0.571923 -0.588054 -0.571923
-2.00919 -3.34622 -3.48003 0.533886 0.75 -0.571923 -0.588054 -0.571923
-3.99576 -2.55504 -2.30695 0.450553 0.666667 -0.571923 -0.588054 -0.571923
-2.30695 -2.55504 -3.99576 0.533886 0.666667 -0.209338 -0.588054 -0.781262
0 -3.34622 -4.01839 0.61722 0.75 -0.209338 -0.588054 -0.781262
-2.00919 -3.34622 -3.48003 0.533886 0.75 -0.209338 -0.588054 -0.781262
0 -2.55504 -4.61391 0.61722 0.666667 -0.209338 -0.588054 -0.781262
0 -3.34622 -4.01839 0.61722 0.75 -0.209338 -0.588054 -0.781262
-2.30695 -2.55504 -3.99576 0.533886 0.666667 -0.209338 -0.588054 -0.781262
0 -2.55504 -4.61391 0.61722 0.666667 0.209338 -0.588054 -0.781262
2.00919 -3.34622 -3.48003 0.700553 0.75 0.209338 -0.588054 -0.781262
0 -3.34622 -4.01839 0.61722 0.75 0.209338 -0.588054 -0.781262
2.30695 -2.55504 -3.99576 0.700553 0.666667 0.209338 -0.588054 -0.781262
2.00919 -3.34622 -3.48003 0.700553 0.75 0.209338 -0.588054 -0.781262
0 -2.55504 -4.61391 0.61722 0.666667 0.209338 -0.588054 -0.781262
2.30695 -2.55504 -3.99576 0.700553 0.666667 0.571923 -0.588054 -0.571923
3.48003 -3.34622 -2.00919 0.783886 0.75 0.571923 -0.588054 -0.571923
2.00919 -3.34622 -3.48003 0.700553 0.75 0.571923 -0.588054 -0.571923
3.99576 -2.55504 -2.30695 0.783886 0.666667 0.571923 -0.588054 -0.571923
3.48003 -3.34622 -2.00919 0.783886 0.75 0.571923 -0.588054 -0.571923
2.30695 -2.55504 -3.99576 0.700553 0.666667 0.571923 -0.588054 -0.571923
3.99576 -2.55504 -2.30695 0.783886 0.666667 0.781262 -0.588054 -0.209338
4.01839 -3.34622 -0 0.86722 0.75 0.781262 -0.588054 -0.209338
3.48003 -3.34622 -2.00919 0.783886 0.75 0.781262 -0.588054 -0.209339
4.61391 -2.55504 -0 0.86722 0.666667 0.781261 -0.588054 -0.209338
4.01839 -3.34622 -0 0.86722 0.75 0.781262 -0.588054 -0.209338
3.99576 -2.55504 -2.30695 0.783886 0.666667 0.781262 -0.588054 -0.209338
4.61391 -2.55504 -0 0.86722 0.666667 0.781261 -0.588054 0.209338
3.48003 -3.34622 2.00919 0.950553 0.75 0.781261 -0.588054 0.209338
4.01839 -3.34622 -0 0.86722 0.75 0.781261 -0.588055 0.209338
3.99576 -2.55504 2.30695 0.950553 0.666667 0.781261 -0.588054 0.209338
3.48003 -3.34622 2.00919 0.950553 0.75 0.781261 -0.588054 0.209338
4.61391 -2.55504 -0 0.86722 0.666667 0.781261 -0.588054 0.209338
4.32303 -1.61152 2.4959 -0.049447 0.583333 0.659475 -0.360813 0.659475
2.30695 -2.55504 3.99576 0.033886 0.666667 0.659475 -0.360813 0.659475
3.99576 -2.55504 2.30695 -0.049447 0.666667 0.659475 -0.360813 0.659475
2.4959 -1.61152 4.32303 0.033886 0.583333 0.659475 -0.360813 0.659475
2.30695 -2.55504 3.99576 0.033886 0.666667 0.659475 -0.360813 0.659475
4.32303 -1.61152 2.4959 -0.049447 0.583333 0.659475 -0.360813 0.659475
2.4959 -1.61152 4.32303 0.033886 0.583333 0.241384 -0.360813 0.900859
0 -2.55504 4.61391 0.11722 0.666667 0.241385 -0.360813 0.900859
2.30695 -2.55504 3.99576 0.033886 0.666667 0.241384 -0.360813 0.900859
0 -1.61152 4.99181 0.11722 0.583333 0.241385 -0.360813 0.900859
0 -2.55504 4.61391 0.11722 0.666667 0.241385 -0.360813 0.900859
2.4959 -1.61152 4.32303 0.033886 0.583333 0.241384 -0.360813 0.900859
0 -1.61152 4.99181 0.11722 0.583333 -0.241385 -0.360813 0.900859
-2.30695 -2.55504 3.99576 0.200553 0.666667 -0.241384 -0.360813 0.900859
0 -2.55504 4.61391 0.11722 0.666667 -0.241385 -0.360813 0.900859
-2.4959 -1.61152 4.32303 0.200553 0.583333 -0.241384 -0.360814 0.900859
-2.30695 -2.55504 3.99576 0.200553 0.666667 -0.241384 -0.360813 0.900859
0 -1.61152 4.99181 0.11722 0.583333 -0.241385 -0.360813 0.900859
-2.4959 -1.61152 4.32303 0.200553 0.583333 -0.659475 -0.360813 0.659475
-3.99576 -2.55504 2.30695 0.283886 0.666667 -0.659475 -0.360814 0.659475
-2.30695 -2.55504 3.99576 0.200553 0.666667 -0.659475 -0.360813 0.659475
-4.32303 -1.61152 2.4959 0.283886 0.583333 -0.659475 -0.360814 0.659475
-3.99576 -2.55504 2.30695 0.283886 0.666667 -0.659475 -0.360814 0.659475
-2.4959 -1.61152 4.32303 0.200553 0.583333 -0.659475 -0.360813 0.659475
-4.32303 -1.61152 2.4959 0.283886 0.583333 -0.900859 -0.360813 0.241385
-4.61391 -2.55504 -0 0.36722 0.666667 -0.900859 -0.360813 0.241385
-3.99576 -2.55504 2.30695 0.283886 0.666667 -0.900859 -0.360814 0.241385
-4.99181 -1.61152 -0 0.36722 0.583333 -0.900859 -0.360813 0.241385
-4.61391 -2.55504 -0 0.36722 0.666667 -0.900859 -0.360813 0.241385
-4.32303 -1.61152 2.4959 0.283886 0.583333 -0.900859 -0.360813 0.241385
-4.99181 -1.61152 -0 0.36722 0.583333 -0.900859 -0.360813 -0.241385
-3.99576 -2.55504 -2.30695 0.450553 0.666667 -0.900859 -0.360813 -0.241385
-4.61391 -2.55504 -0 0.36722 0.666667 -0.900859 -0.360813 -0.241385
-4.32303 -1.61152 -2.4959 0.450553 0.583333 -0.900859 -0.360813 -0.241385
-3.99576 -2.55504 -2.30695 0.450553 0.666667 -0.900859 -0.360813 -0.241385
-4.99181 -1.61152 -0 0.36722 0.583333 -0.900859 -0.360813 -0.241385
-4.32303 -1.61152 -2.4959 0.450553 0.583333 -0.659475 -0.360813 -0.659475
-2.30695 -2.55504 -3.99576 0.533886 0.666667 -0.659475 -0.360813 -0.659475
-3.99576 -2.55504 -2.30695 0.450553 0.666667 -0.659475 -0.360813 -0.659475
-2.4959 -1.61152 -4.32303 0.533886 0.583333 -0.659475 -0.360813 -0.659475
-2.30695 -2.55504 -3.99576 0.533886 0.666667 -0.659475 -0.360813 -0.659475
-4.32303 -1.61152 -2.4959 0.450553 0.583333 -0.659475 -0.360813 -0.659475
-2.4959 -1.61152 -4.32303 0.533886 0.583333 -0.241384 -0.360813 -0.900859
0 -2.55504 -4.61391 0.61722 0.666667 -0.241385 -0.360813 -0.900859
-2.30695 -2.55504 -3.99576 0.533886 0.666667 -0.241384 -0.360813 -0.900859
0 -1.61152 -4.99181 0.61722 0.583333 -0.241385 -0.360813 -0.900859
0 -2.55504 -4.61391 0.61722 0.666667 -0.241385 -0.360813 -0.900859
-2.4959 -1.61152 -4.32303 0.533886 0.583333 -0.241384 -0.360813 -0.900859
0 -1.61152 -4.99181 0.61722 0.583333 0.241385 -0.360813 -0.900859
2.30695 -2.55504 -3.99576 0.700553 0.666667 0.241384 -0.360813 -0.900859
0 -2.55504 -4.61391 0.61722 0.666667 0.241385 -0.360813 -0.900859
2.4959 -1.61152 -4.32303 0.700553 0.583333 0.241384 -0.360814 -0.900859
2.30695 -2.55504 -3.99576 0.700553 0.666667 0.241384 -0.360813 -0.900859
0 -1.61152 -4.99181 0.61722 0.583333 0.241385 -0.360813 -0.900859
2.4959 -1.61152 -4.32303 0.700553 0.583333 0.659475 -0.360813 -0.659475
3.99576 -2.55504 -2.30695 0.783886 0.666667 0.659475 -0.360814 -0.659475
2.30695 -2.55504 -3.99576 0.700553 0.666667 0.659475 -0.360813 -0.659475
4.32303 -1.61152 -2.4959 0.783886 0.583333 0.659475 -0.360814 -0.659475
3.99576 -2.55504 -2.30695 0.783886 0.666667 0.659475 -0.360814 -0.659475
2.4959 -1.61152 -4.32303 0.700553 0.583333 0.659475 -0.360813 -0.659475
4.32303 -1.61152 -2.4959 0.783886 0.583333 0.900859 -0.360813 -0.241385
4.61391 -2.55504 -0 0.86722 0.666667 0.900859 -0.360813 -0.241385
3.99576 -2.55504 -2.30695 0.783886 0.666667 0.900859 -0.360814 -0.241385
4.99181 -1.61152 -0 0.86722 0.583333 0.900859 -0.360813 -0.241385
4.61391 -2.55504 -0 0.86722 0.666667 0.900859 -0.360813 -0.241385
4.32303 -1.61152 -2.4959 0.783886 0.583333 0.900859 -0.360813 -0.241385
4.99181 -1.61152 -0 0.86722 0.583333 0.900859 -0.360813 0.241385
3.99576 -2.55504 2.30695 0.950553 0.666667 0.900859 -0.360813 0.241385
4.61391 -2.55504 -0 0.86722 0.666667 0.900859 -0.360813 0.241385
4.32303 -1.61152 2.4959 0.950553 0.583333 0.900859 -0.360813 0.241385
3.99576 -2.55504 2.30695 0.950553 0.666667 0.900859 -0.360813 0.241385
4.99181 -1.61152 -0 0.86722 0.583333 0.900859 -0.360813 0.241385
4.32303 -1.61152 2.4959 -0.049447 0.583333 0.706605 -0.037657 0.706605
2.53609 -0.317423 4.35181 0.033886 0.5 0.706605 -0.037657 0.706605
2.4959 -1.61152 4.32303 0.033886 0.583333 0.706605 -0.037657 0.706605
4.39264 -0.317423 2.49526 -0.049447 0.5 0.706605 -0.037657 0.706605
2.53609 -0.317423 4.35181 0.033886 0.5 0.706605 -0.037657 0.706605
4.32303 -1.61152 2.4959 -0.049447 0.583333 0.706605 -0.037657 0.706605
2.4959 -1.61152 4.32303 0.033886 0.583333 0.258706 -0.029503 0.965505
0 -0.317423 5.03135 0.11722 0.5 0.258706 -0.029503 0.965505
0 -1.61152 4.99181 0.11722 0.583333 0.258706 -0.029503 0.965505
2.53609 -0.317423 4.35181 0.033886 0.5 0.258706 -0.029503 0.965505
0 -0.317423 5.03135 0.11722 0.5 0.258706 -0.029503 0.965505
2.4959 -1.61152 4.32303 0.033886 0.583333 0.258706 -0.029503 0.965505
0 -0.317423 5.03135 0.11722 0.5 -0.258706 -0.029503 0.965505
-2.4959 -1.61152 4.32303 0.200553 0.583333 -0.258706 -0.029503 0.965505
0 -1.61152 4.99181 0.11722 0.583333 -0.258706 -0.029503 0.965505
-2.53609 -0.317423 4.35181 0.200553 0.5 -0.258706 -0.029503 0.965505
-2.4959 -1.61152 4.32303 0.200553 0.583333 -0.258706 -0.029503 0.965505
0 -0.317423 5.03135 0.11722 0.5 -0.258706 -0.029503 0.965505
-2.53609 -0.317423 4.35181 0.200553 0.5 -0.706605 -0.037657 0.706605
-4.32303 -1.61152 2.4959 0.283886 0.583333 -0.706605 -0.037657 0.706605
-2.4959 -1.61152 4.32303 0.200553 0.583333 -0.706605 -0.037657 0.706605
-4.39264 -0.317423 2.49526 0.283886 0.5 -0.706605 -0.037657 0.706605
-4.32303 -1.61152 2.4959 0.283886 0.583333 -0.706605 -0.037657 0.706605
-2.53609 -0.317423 4.35181 0.200553 0.5 -0.706605 -0.037657 0.706605
-4.39264 -0.317423 2.49526 0.283886 0.5 -0.964631 -0.051761 0.258472
-4.99181 -1.61152 -0 0.36722 0.583333 -0.964631 -0.051761 0.258472
-4.32303 -1.61152 2.4959 0.283886 0.583333 -0.964631 -0.051761 0.258472
-5.07219 -0.317423 -0.040837 0.36722 0.5 -0.964631 -0.051761 0.258472
-4.99181 -1.61152 -0 0.36722 0.583333 -0.964631 -0.051761 0.258472
-4.39264 -0.317423 2.49526 0.283886 0.5 -0.964631 -0.051761 0.258472
-5.07219 -0.317423 -0.040837 0.36722 0.5 -0.96369 -0.068007 -0.25822
-4.32303 -1.61152 -2.4959 0.450553 0.583333 -0.96369 -0.068007 -0.25822
-4.99181 -1.61152 -0 0.36722 0.583333 -0.96369 -0.068007 -0.25822
-4.39264 -0.317423 -2.57693 0.450553 0.5 -0.96369 -0.068006 -0.25822
-4.32303 -1.61152 -2.4959 0.450553 0.583333 -0.96369 -0.068007 -0.25822
-5.07219 -0.317423 -0.040837 0.36722 0.5 -0.96369 -0.068007 -0.25822
-4.39264 -0.317423 -2.57693 0.450553 0.5 -0.704724 -0.082033 -0.704724
-2.4959 -1.61152 -4.32303 0.533886 0.583333 -0.704724 -0.082034 -0.704724
-4.32303 -1.61152 -2.4959 0.450553 0.583333 -0.704724 -0.082033 -0.704724
-2.53609 -0.317423 -4.43348 0.533886 0.5 -0.704724 -0.082034 -0.704724
-2.4959 -1.61152 -4.32303 0.533886 0.583333 -0.704724 -0.082034 -0.704724
-4.39264 -0.317423 -2.57693 0.450553 0.5 -0.704724 -0.082033 -0.704724
-2.53609 -0.317423 -4.43348 0.533886 0.5 -0.257766 -0.09011 -0.961996
0 -1.61152 -4.99181 0.61722 0.583333 -0.257766 -0.09011 -0.961996
-2.4959 -1.61152 -4.32303 0.533886 0.583333 -0.257766 -0.09011 -0.961996
0 -0.317423 -5.11303 0.61722 0.5 -0.257766 -0.09011 -0.961996
0 -1.61152 -4.99181 0.61722 0.583333 -0.257766 -0.09011 -0.961996
-2.53609 -0.317423 -4.43348 0.533886 0.5 -0.257766 -0.09011 -0.961996
0 -1.61152 -4.99181 0.61722 0.583333 0.257766 -0.09011 -0.961996
2.53609 -0.317423 -4.43348 0.700553 0.5 0.257766 -0.09011 -0.961996
2.4959 -1.61152 -4.32303 0.700553 0.583333 0.257766 -0.09011 -0.961996
0 -0.317423 -5.11303 0.61722 0.5 0.257766 -0.09011 -0.961996
2.53609 -0.317423 -4.43348 0.700553 0.5 0.257766 -0.09011 -0.961996
0 -1.61152 -4.99181 0.61722 0.583333 0.257766 -0.09011 -0.961996
2.4959 -1.61152 -4.32303 0.700553 0.583333 0.704724 -0.082034 -0.704724
4.39264 -0.317423 -2.57693 0.783886 0.5 0.704724 -0.082033 -0.704724
4.32303 -1.61152 -2.4959 0.783886 0.583333 0.704724 -0.082033 -0.704724
2.53609 -0.317423 -4.43348 0.700553 0.5 0.704723 -0.082034 -0.704724
4.39264 -0.317423 -2.57693 0.783886 0.5 0.704724 -0.082033 -0.704724
2.4959 -1.61152 -4.32303 0.700553 0.583333 0.704724 -0.082034 -0.704724
4.32303 -1.61152 -2.4959 0.783886 0.583333 0.96369 -0.068007 -0.25822
5.07219 -0.317423 -0.040837 0.86722 0.5 0.96369 -0.068007 -0.25822
4.99181 -1.61152 -0 0.86722 0.583333 0.96369 -0.068007 -0.25822
4.39264 -0.317423 -2.57693 0.783886 0.5 0.96369 -0.068006 -0.25822
5.07219 -0.317423 -0.040837 0.86722 0.5 0.96369 -0.068007 -0.25822
4.32303 -1.61152 -2.4959 0.783886 0.583333 0.96369 -0.068007 -0.25822
4.99181 -1.61152 -0 0.86722 0.583333 0.964631 -0.051761 0.258472
4.39264 -0.317423 2.49526 0.950553 0.5 0.964631 -0.051761 0.258472
4.32303 -1.61152 2.4959 0.950553 0.583333 0.964631 -0.051761 0.258472
5.07219 -0.317423 -0.040837 0.86722 0.5 0.964631 -0.051761 0.258472
4.39264 -0.317423 2.49526 0.950553 0.5 0.964631 -0.051761 0.258472
4.99181 -1.61152 -0 0.86722 0.583333 0.964631 -0.051761 0.258472
4.18258 0.880481 2.4129 -0.049447 0.416667 0.695539 0.1728 0.697399
2.53609 -0.317423 4.35181 0.033886 0.5 0.693157 0.177855 0.698499
4.39264 -0.317423 2.49526 -0.049447 0.5 0.696802 0.170099 0.696802
2.41481 0.810064 4.17926 0.033886 0.416667 0.691475 0.181391 0.699256
2.53609 -0.317423 4.35181 0.033886 0.5 0.693157 0.177855 0.698499
4.18258 0.880481 2.4129 -0.049447 0.416667 0.695539 0.1728 0.697399
2.41481 0.810064 4.17926 0.033886 0.416667 0.254398 0.174081 0.951303
0 -0.317423 5.03135 0.11722 0.5 0.253385 0.176164 0.95119
2.53609 -0.317423 4.35181 0.033886 0.5 0.254916 0.173013 0.951359
0 0.78429 4.8258 0.11722 0.416667 0.252755 0.177459 0.951117
0 -0.317423 5.03135 0.11722 0.5 0.253385 0.176164 0.95119
2.41481 0.810064 4.17926 0.033886 0.416667 0.254398 0.174081 0.951303
0 -0.317423 5.03135 0.11722 0.5 -0.253385 0.176165 0.95119
-2.41481 0.810064 4.17926 0.200553 0.416667 -0.254398 0.174081 0.951303
-2.53609 -0.317423 4.35181 0.200553 0.5 -0.254916 0.173013 0.951359
0 0.78429 4.8258 0.11722 0.416667 -0.252755 0.177459 0.951117
-2.41481 0.810064 4.17926 0.200553 0.416667 -0.254398 0.174081 0.951303
0 -0.317423 5.03135 0.11722 0.5 -0.253385 0.176165 0.95119
-2.53609 -0.317423 4.35181 0.200553 0.5 -0.693157 0.177855 0.698499
-4.18258 0.880481 2.4129 0.283886 0.416667 -0.695539 0.1728 0.697399
-4.39264 -0.317423 2.49526 0.283886 0.5 -0.696802 0.170099 0.696802
-2.41481 0.810064 4.17926 0.200553 0.416667 -0.691476 0.181391 0.699256
-4.18258 0.880481 2.4129 0.283886 0.416667 -0.695539 0.1728 0.697399
-2.53609 -0.317423 4.35181 0.200553 0.5 -0.693157 0.177855 0.698499
-4.39264 -0.317423 2.49526 0.283886 0.5 -0.948977 0.179492 0.259279
-4.82963 0.976672 -0 0.36722 0.416667 -0.950751 0.173806 0.25664
-5.07219 -0.317423 -0.040837 0.36722 0.5 -0.951807 0.170356 0.255036
-4.18258 0.880481 2.4129 0.283886 0.416667 -0.947499 0.184127 0.261424
-4.82963 0.976672 -0 0.36722 0.416667 -0.950751 0.173806 0.25664
-4.39264 -0.317423 2.49526 0.283886 0.5 -0.948977 0.179492 0.259279
-5.07219 -0.317423 -0.040837 0.36722 0.5 -0.951002 0.181688 -0.250171
-4.18258 1.07286 -2.4129 0.450553 0.416667 -0.951142 0.177103 -0.252911
-4.39264 -0.317423 -2.57693 0.450553 0.5 -0.951226 0.173797 -0.25488
-4.82963 0.976672 -0 0.36722 0.416667 -0.950843 0.186036 -0.247564
-4.18258 1.07286 -2.4129 0.450553 0.416667 -0.951142 0.177103 -0.252911
-5.07219 -0.317423 -0.040837 0.36722 0.5 -0.951002 0.181688 -0.250171
-4.39264 -0.317423 -2.57693 0.450553 0.5 -0.697216 0.184039 -0.692834
-2.41481 1.14328 -4.17926 0.533886 0.416667 -0.696405 0.181237 -0.694388
-2.53609 -0.317423 -4.43348 0.533886 0.5 -0.695706 0.178845 -0.695706
-4.18258 1.07286 -2.4129 0.450553 0.416667 -0.698072 0.187023 -0.691171
-2.41481 1.14328 -4.17926 0.533886 0.416667 -0.696405 0.181237 -0.694388
-4.39264 -0.317423 -2.57693 0.450553 0.5 -0.697216 0.184039 -0.692834
-2.53609 -0.317423 -4.43348 0.533886 0.5 -0.255398 0.185299 -0.948913
0 1.16905 -4.8258 0.61722 0.416667 -0.254902 0.184369 -0.949228
0 -0.317423 -5.11303 0.61722 0.5 -0.254425 0.183477 -0.949528
-2.41481 1.14328 -4.17926 0.533886 0.416667 -0.255953 0.186339 -0.94856
0 1.16905 -4.8258 0.61722 0.416667 -0.254902 0.184369 -0.949228
-2.53609 -0.317423 -4.43348 0.533886 0.5 -0.255398 0.185299 -0.948913
0 1.16905 -4.8258 0.61722 0.416667 0.254902 0.184369 -0.949228
2.53609 -0.317423 -4.43348 0.700553 0.5 0.255398 0.185299 -0.948913
0 -0.317423 -5.11303 0.61722 0.5 0.254425 0.183477 -0.949528
2.41481 1.14328 -4.17926 0.700553 0.416667 0.255953 0.186339 -0.94856
2.53609 -0.317423 -4.43348 0.700553 0.5 0.255398 0.185299 -0.948913
0 1.16905 -4.8258 0.61722 0.416667 0.254902 0.184369 -0.949228
2.41481 1.14328 -4.17926 0.700553 0.416667 0.696405 0.181237 -0.694388
4.39264 -0.317423 -2.57693 0.783886 0.5 0.697216 0.184039 -0.692834
2.53609 -0.317423 -4.43348 0.700553 0.5 0.695706 0.178845 -0.695706
4.18258 1.07286 -2.4129 0.783886 0.416667 0.698072 0.187023 -0.691171
4.39264 -0.317423 -2.57693 0.783886 0.5 0.697216 0.184039 -0.692834
2.41481 1.14328 -4.17926 0.700553 0.416667 0.696405 0.181237 -0.694388
4.18258 1.07286 -2.4129 0.783886 0.416667 0.951142 0.177103 -0.252911
5.07219 -0.317423 -0.040837 0.86722 0.5 0.951002 0.181688 -0.250171
4.39264 -0.317423 -2.57693 0.783886 0.5 0.951226 0.173797 -0.25488
4.82963 0.976672 -0 0.86722 0.416667 0.950843 0.186036 -0.247564
5.07219 -0.317423 -0.040837 0.86722 0.5 0.951002 0.181688 -0.250171
4.18258 1.07286 -2.4129 0.783886 0.416667 0.951142 0.177103 -0.252911
4.82963 0.976672 -0 0.86722 0.416667 0.950751 0.173806 0.25664
4.39264 -0.317423 2.49526 0.950553 0.5 0.948977 0.179492 0.259279
5.07219 -0.317423 -0.040837 0.86722 0.5 0.951807 0.170356 0.255036
4.18258 0.880481 2.4129 0.950553 0.416667 0.947499 0.184127 0.261424
4.39264 -0.317423 2.49526 0.950553 0.5 0.948977 0.179492 0.259279
4.82963 0.976672 -0 0.86722 0.416667 0.950751 0.173806 0.25664
3.75 1.88143 2.30169 -0.049447 0.333333 0.649682 0.361926 0.668523
2.41481 0.810064 4.17926 0.033886 0.416667 0.641611 0.373997 0.669673
4.18258 0.880481 2.4129 -0.049447 0.416667 0.653234 0.356521 0.667966
2.16506 1.74819 3.88102 0.033886 0.333333 0.635871 0.382414 0.670394
2.41481 0.810064 4.17926 0.033886 0.416667 0.641611 0.373997 0.669673
3.75 1.88143 2.30169 -0.049447 0.333333 0.649682 0.361926 0.668523
2.16506 1.74819 3.88102 0.033886 0.333333 0.237448 0.353505 0.904794
0 0.78429 4.8258 0.11722 0.416667 0.234632 0.358589 0.903527
2.41481 0.810064 4.17926 0.033886 0.416667 0.238637 0.351349 0.905321
0 1.69942 4.45909 0.11722 0.333333 0.23288 0.361738 0.902725
0 0.78429 4.8258 0.11722 0.416667 0.234632 0.358589 0.903527
2.16506 1.74819 3.88102 0.033886 0.333333 0.237448 0.353505 0.904794
0 0.78429 4.8258 0.11722 0.416667 -0.234632 0.358589 0.903527
-2.16506 1.74819 3.88102 0.200553 0.333333 -0.237448 0.353505 0.904794
-2.41481 0.810064 4.17926 0.200553 0.416667 -0.238637 0.351349 0.905321
0 1.69942 4.45909 0.11722 0.333333 -0.23288 0.361738 0.902725
-2.16506 1.74819 3.88102 0.200553 0.333333 -0.237448 0.353505 0.904794
0 0.78429 4.8258 0.11722 0.416667 -0.234632 0.358589 0.903527
-2.41481 0.810064 4.17926 0.200553 0.416667 -0.641611 0.373997 0.669672
-3.75 1.88143 2.30169 0.283886 0.333333 -0.649682 0.361926 0.668523
-4.18258 0.880481 2.4129 0.283886 0.416667 -0.653234 0.356521 0.667966
-2.16506 1.74819 3.88102 0.200553 0.333333 -0.635871 0.382414 0.670394
-3.75 1.88143 2.30169 0.283886 0.333333 -0.649682 0.361926 0.668523
-2.41481 0.810064 4.17926 0.200553 0.416667 -0.641611 0.373997 0.669672
-4.18258 0.880481 2.4129 0.283886 0.416667 -0.879482 0.39615 0.263773
-4.33013 2.06345 0.14429 0.36722 0.333333 -0.887234 0.382867 0.257351
-4.82963 0.976672 -0 0.36722 0.416667 -0.891185 0.375885 0.253967
-3.75 1.88143 2.30169 0.283886 0.333333 -0.87285 0.407113 0.269058
-4.33013 2.06345 0.14429 0.36722 0.333333 -0.887234 0.382867 0.257351
-4.18258 0.880481 2.4129 0.283886 0.416667 -0.879482 0.39615 0.263773
-4.82963 0.976672 -0 0.36722 0.416667 -0.882978 0.42059 -0.208457
-3.75 2.24546 -2.01311 0.450553 0.333333 -0.885946 0.410054 -0.21669
-4.18258 1.07286 -2.4129 0.450553 0.416667 -0.887779 0.403196 -0.221995
-4.33013 2.06345 0.14429 0.36722 0.333333 -0.879862 0.430986 -0.200235
-3.75 2.24546 -2.01311 0.450553 0.333333 -0.885946 0.410054 -0.21669
-4.82963 0.976672 -0 0.36722 0.416667 -0.882978 0.42059 -0.208457
-4.18258 1.07286 -2.4129 0.450553 0.416667 -0.648381 0.441528 -0.620205
-2.16506 2.37871 -3.59243 0.533886 0.333333 -0.64744 0.435113 -0.625697
-2.41481 1.14328 -4.17926 0.533886 0.416667 -0.646659 0.429992 -0.630031
-3.75 2.24546 -2.01311 0.450553 0.333333 -0.649404 0.448855 -0.613843
-2.16506 2.37871 -3.59243 0.533886 0.333333 -0.64744 0.435113 -0.625697
-4.18258 1.07286 -2.4129 0.450553 0.416667 -0.648381 0.441528 -0.620205
-2.41481 1.14328 -4.17926 0.533886 0.416667 -0.237782 0.452984 -0.859223
0 2.42748 -4.17051 0.61722 0.333333 -0.236633 0.450833 -0.860671
0 1.16905 -4.8258 0.61722 0.416667 -0.235578 0.448857 -0.861992
-2.16506 2.37871 -3.59243 0.533886 0.333333 -0.239198 0.455633 -0.857428
0 2.42748 -4.17051 0.61722 0.333333 -0.236633 0.450833 -0.860671
-2.41481 1.14328 -4.17926 0.533886 0.416667 -0.237782 0.452984 -0.859223
0 2.42748 -4.17051 0.61722 0.333333 0.236633 0.450833 -0.860671
2.41481 1.14328 -4.17926 0.700553 0.416667 0.237782 0.452984 -0.859223
0 1.16905 -4.8258 0.61722 0.416667 0.235578 0.448857 -0.861992
2.16506 2.37871 -3.59243 0.700553 0.333333 0.239198 0.455633 -0.857428
2.41481 1.14328 -4.17926 0.700553 0.416667 0.237782 0.452984 -0.859223
0 2.42748 -4.17051 0.61722 0.333333 0.236633 0.450833 -0.860671
2.16506 2.37871 -3.59243 0.700553 0.333333 0.647441 0.435113 -0.625697
4.18258 1.07286 -2.4129 0.783886 0.416667 0.648382 0.441528 -0.620205
2.41481 1.14328 -4.17926 0.700553 0.416667 0.646659 0.429992 -0.630031
3.75 2.24546 -2.01311 0.783886 0.333333 0.649405 0.448855 -0.613842
4.18258 1.07286 -2.4129 0.783886 0.416667 0.648382 0.441528 -0.620205
2.16506 2.37871 -3.59243 0.700553 0.333333 0.647441 0.435113 -0.625697
3.75 2.24546 -2.01311 0.783886 0.333333 0.885946 0.410054 -0.21669
4.82963 0.976672 -0 0.86722 0.416667 0.882978 0.42059 -0.208457
4.18258 1.07286 -2.4129 0.783886 0.416667 0.887779 0.403196 -0.221995
4.33013 2.06345 0.14429 0.86722 0.333333 0.879862 0.430985 -0.200235
4.82963 0.976672 -0 0.86722 0.416667 0.882978 0.42059 -0.208457
3.75 2.24546 -2.01311 0.783886 0.333333 0.885946 0.410054 -0.21669
4.33013 2.06345 0.14429 0.86722 0.333333 0.887234 0.382867 0.257351
4.18258 0.880481 2.4129 0.950553 0.416667 0.879482 0.39615 0.263773
4.82963 0.976672 -0 0.86722 0.416667 0.891185 0.375885 0.253967
3.75 1.88143 2.30169 0.950553 0.333333 0.87285 0.407113 0.269058
4.18258 0.880481 2.4129 0.950553 0.416667 0.879482 0.39615 0.263773
4.33013 2.06345 0.14429 0.86722 0.333333 0.887234 0.382867 0.257351
3.06186 2.73187 1.97473 -0.049447 0.25 0.516229 0.637566 0.571854
2.16506 1.74819 3.88102 0.033886 0.333333 0.51623 0.637566 0.571854
3.75 1.88143 2.30169 -0.049447 0.333333 0.516229 0.637566 0.571854
1.76777 2.62308 3.26425 0.033886 0.25 0.51623 0.637566 0.571854
2.16506 1.74819 3.88102 0.033886 0.333333 0.51623 0.637566 0.571854
3.06186 2.73187 1.97473 -0.049447 0.25 0.516229 0.637566 0.571854
1.76777 2.62308 3.26425 0.033886 0.25 0.188953 0.621681 0.760138
0 1.69942 4.45909 0.11722 0.333333 0.188953 0.621681 0.760138
2.16506 1.74819 3.88102 0.033886 0.333333 0.188953 0.621681 0.760138
0 2.58325 3.73624 0.11722 0.25 0.188953 0.621681 0.760138
0 1.69942 4.45909 0.11722 0.333333 0.188953 0.621681 0.760138
1.76777 2.62308 3.26425 0.033886 0.25 0.188953 0.621681 0.760138
0 2.58325 3.73624 0.11722 0.25 -0.188953 0.621681 0.760138
-2.16506 1.74819 3.88102 0.200553 0.333333 -0.188953 0.621681 0.760138
0 1.69942 4.45909 0.11722 0.333333 -0.188953 0.621681 0.760138
-1.76777 2.62308 3.26425 0.200553 0.25 -0.188953 0.621681 0.760138
-2.16506 1.74819 3.88102 0.200553 0.333333 -0.188953 0.621681 0.760138
0 2.58325 3.73624 0.11722 0.25 -0.188953 0.621681 0.760138
-1.76777 2.62308 3.26425 0.200553 0.25 -0.51623 0.637566 0.571854
-3.75 1.88143 2.30169 0.283886 0.333333 -0.51623 0.637566 0.571854
-2.16506 1.74819 3.88102 0.200553 0.333333 -0.516229 0.637566 0.571854
-3.06186 2.73187 1.97473 0.283886 0.25 -0.51623 0.637566 0.571854
-3.75 1.88143 2.30169 0.283886 0.333333 -0.51623 0.637566 0.571854
-1.76777 2.62308 3.26425 0.200553 0.25 -0.51623 0.637566 0.571854
-3.06186 2.73187 1.97473 0.283886 0.25 -0.705183 0.66508 0.245736
-4.33013 2.06345 0.14429 0.36722 0.333333 -0.705182 0.66508 0.245736
-3.75 1.88143 2.30169 0.283886 0.333333 -0.705182 0.66508 0.245736
-3.53553 2.88048 0.213222 0.36722 0.25 -0.705183 0.66508 0.245736
-4.33013 2.06345 0.14429 0.36722 0.333333 -0.705182 0.66508 0.245736
-3.06186 2.73187 1.97473 0.283886 0.25 -0.705183 0.66508 0.245736
-3.53553 2.88048 0.213222 0.36722 0.25 -0.705183 0.69685 -0.130832
-3.75 2.24546 -2.01311 0.450553 0.333333 -0.705182 0.69685 -0.130832
-4.33013 2.06345 0.14429 0.36722 0.333333 -0.705183 0.69685 -0.130832
-3.06186 3.0291 -1.54829 0.450553 0.25 -0.705182 0.696851 -0.130832
-3.75 2.24546 -2.01311 0.450553 0.333333 -0.705182 0.69685 -0.130832
-3.53553 2.88048 0.213222 0.36722 0.25 -0.705183 0.69685 -0.130832
-3.06186 3.0291 -1.54829 0.450553 0.25 -0.516229 0.724364 -0.45695
-2.16506 2.37871 -3.59243 0.533886 0.333333 -0.51623 0.724364 -0.45695
-3.75 2.24546 -2.01311 0.450553 0.333333 -0.516229 0.724364 -0.45695
-1.76777 3.13789 -2.8378 0.533886 0.25 -0.51623 0.724364 -0.45695
-2.16506 2.37871 -3.59243 0.533886 0.333333 -0.51623 0.724364 -0.45695
-3.06186 3.0291 -1.54829 0.450553 0.25 -0.516229 0.724364 -0.45695
-1.76777 3.13789 -2.8378 0.533886 0.25 -0.188953 0.74025 -0.645234
0 2.42748 -4.17051 0.61722 0.333333 -0.188953 0.74025 -0.645234
-2.16506 2.37871 -3.59243 0.533886 0.333333 -0.188953 0.74025 -0.645234
0 3.17771 -3.3098 0.61722 0.25 -0.188953 0.74025 -0.645234
0 2.42748 -4.17051 0.61722 0.333333 -0.188953 0.74025 -0.645234
-1.76777 3.13789 -2.8378 0.533886 0.25 -0.188953 0.74025 -0.645234
0 3.17771 -3.3098 0.61722 0.25 0.188953 0.74025 -0.645234
2.16506 2.37871 -3.59243 0.700553 0.333333 0.188953 0.74025 -0.645234
0 2.42748 -4.17051 0.61722 0.333333 0.188953 0.74025 -0.645234
1.76777 3.13789 -2.8378 0.700553 0.25 0.188953 0.740249 -0.645235
2.16506 2.37871 -3.59243 0.700553 0.333333 0.188953 0.74025 -0.645234
0 3.17771 -3.3098 0.61722 0.25 0.188953 0.74025 -0.645234
1.76777 3.13789 -2.8378 0.700553 0.25 0.516229 0.724364 -0.45695
3.75 2.24546 -2.01311 0.783886 0.333333 0.516229 0.724364 -0.45695
2.16506 2.37871 -3.59243 0.700553 0.333333 0.51623 0.724364 -0.45695
3.06186 3.0291 -1.54829 0.783886 0.25 0.51623 0.724364 -0.45695
3.75 2.24546 -2.01311 0.783886 0.333333 0.516229 0.724364 -0.45695
1.76777 3.13789 -2.8378 0.700553 0.25 0.516229 0.724364 -0.45695
3.06186 3.0291 -1.54829 0.783886 0.25 0.705182 0.69685 -0.130833
4.33013 2.06345 0.14429 0.86722 0.333333 0.705182 0.696851 -0.130832
3.75 2.24546 -2.01311 0.783886 0.333333 0.705182 0.69685 -0.130833
3.53553 2.88048 0.213222 0.86722 0.25 0.705182 0.696851 -0.130832
4.33013 2.06345 0.14429 0.86722 0.333333 0.705182 0.696851 -0.130832
3.06186 3.0291 -1.54829 0.783886 0.25 0.705182 0.69685 -0.130833
3.53553 2.88048 0.213222 0.86722 0.25 0.705182 0.66508 0.245736
3.75 1.88143 2.30169 0.950553 0.333333 0.705183 0.66508 0.245736
4.33013 2.06345 0.14429 0.86722 0.333333 0.705182 0.66508 0.245736
3.06186 2.73187 1.97473 0.950553 0.25 0.705183 0.66508 0.245736
3.75 1.88143 2.30169 0.950553 0.333333 0.705183 0.66508 0.245736
3.53553 2.88048 0.213222 0.86722 0.25 0.705182 0.66508 0.245736
2.16506 3.36509 1.50855 -0.049447 0.166667 0.360055 0.827335 0.431135
1.76777 2.62308 3.26425 0.033886 0.25 0.360055 0.827335 0.431135
3.06186 2.73187 1.97473 -0.049447 0.25 0.360055 0.827335 0.431135
1.25 3.28816 2.42037 0.033886 0.166667 0.360055 0.827335 0.431134
1.76777 2.62308 3.26425 0.033886 0.25 0.360055 0.827335 0.431135
2.16506 3.36509 1.50855 -0.049447 0.166667 0.360055 0.827335 0.431135
1.25 3.28816 2.42037 0.033886 0.166667 0.131789 0.816256 0.562457
0 2.58325 3.73624 0.11722 0.25 0.131789 0.816256 0.562457
1.76777 2.62308 3.26425 0.033886 0.25 0.131789 0.816256 0.562457
0 3.26 2.75412 0.11722 0.166667 0.131789 0.816256 0.562457
0 2.58325 3.73624 0.11722 0.25 0.131789 0.816256 0.562457
1.25 3.28816 2.42037 0.033886 0.166667 0.131789 0.816256 0.562457
0 3.26 2.75412 0.11722 0.166667 -0.131789 0.816256 0.562457
-1.76777 2.62308 3.26425 0.200553 0.25 -0.131789 0.816256 0.562457
0 2.58325 3.73624 0.11722 0.25 -0.131789 0.816256 0.562457
-1.25 3.28816 2.42037 0.200553 0.166667 -0.131789 0.816256 0.562457
-1.76777 2.62308 3.26425 0.200553 0.25 -0.131789 0.816256 0.562457
0 3.26 2.75412 0.11722 0.166667 -0.131789 0.816256 0.562457
-1.25 3.28816 2.42037 0.200553 0.166667 -0.360054 0.827335 0.431135
-3.06186 2.73187 1.97473 0.283886 0.25 -0.360055 0.827335 0.431135
-1.76777 2.62308 3.26425 0.200553 0.25 -0.360054 0.827335 0.431134
-2.16506 3.36509 1.50855 0.283886 0.166667 -0.360055 0.827335 0.431135
-3.06186 2.73187 1.97473 0.283886 0.25 -0.360055 0.827335 0.431135
-1.25 3.28816 2.42037 0.200553 0.166667 -0.360054 0.827335 0.431135
-2.16506 3.36509 1.50855 0.283886 0.166667 -0.491844 0.846525 0.203677
-3.53553 2.88048 0.213222 0.36722 0.25 -0.491844 0.846525 0.203677
-3.06186 2.73187 1.97473 0.283886 0.25 -0.491844 0.846525 0.203677
-2.5 3.47017 0.262973 0.36722 0.166667 -0.491844 0.846525 0.203677
-3.53553 2.88048 0.213222 0.36722 0.25 -0.491844 0.846525 0.203677
-2.16506 3.36509 1.50855 0.283886 0.166667 -0.491844 0.846525 0.203677
-2.5 3.47017 0.262973 0.36722 0.166667 -0.491844 0.868684 -0.058968
-3.06186 3.0291 -1.54829 0.450553 0.25 -0.491844 0.868684 -0.058968
-3.53553 2.88048 0.213222 0.36722 0.25 -0.491844 0.868684 -0.058968
-2.16506 3.57526 -0.982602 0.450553 0.166667 -0.491845 0.868684 -0.058968
-3.06186 3.0291 -1.54829 0.450553 0.25 -0.491844 0.868684 -0.058968
-2.5 3.47017 0.262973 0.36722 0.166667 -0.491844 0.868684 -0.058968
-2.16506 3.57526 -0.982602 0.450553 0.166667 -0.360055 0.887874 -0.286426
-1.76777 3.13789 -2.8378 0.533886 0.25 -0.360055 0.887874 -0.286426
-3.06186 3.0291 -1.54829 0.450553 0.25 -0.360055 0.887874 -0.286426
-1.25 3.65219 -1.89443 0.533886 0.166667 -0.360054 0.887875 -0.286426
-1.76777 3.13789 -2.8378 0.533886 0.25 -0.360055 0.887874 -0.286426
-2.16506 3.57526 -0.982602 0.450553 0.166667 -0.360055 0.887874 -0.286426
-1.25 3.65219 -1.89443 0.533886 0.166667 -0.131789 0.898954 -0.417748
0 3.17771 -3.3098 0.61722 0.25 -0.131789 0.898954 -0.417748
-1.76777 3.13789 -2.8378 0.533886 0.25 -0.131789 0.898954 -0.417748
0 3.68035 -2.22818 0.61722 0.166667 -0.131789 0.898954 -0.417749
0 3.17771 -3.3098 0.61722 0.25 -0.131789 0.898954 -0.417748
-1.25 3.65219 -1.89443 0.533886 0.166667 -0.131789 0.898954 -0.417748
0 3.68035 -2.22818 0.61722 0.166667 0.131789 0.898954 -0.417748
1.76777 3.13789 -2.8378 0.700553 0.25 0.131789 0.898954 -0.417748
0 3.17771 -3.3098 0.61722 0.25 0.131789 0.898954 -0.417748
1.25 3.65219 -1.89443 0.700553 0.166667 0.131789 0.898954 -0.417749
1.76777 3.13789 -2.8378 0.700553 0.25 0.131789 0.898954 -0.417748
0 3.68035 -2.22818 0.61722 0.166667 0.131789 0.898954 -0.417748
1.25 3.65219 -1.89443 0.700553 0.166667 0.360055 0.887874 -0.286426
3.06186 3.0291 -1.54829 0.783886 0.25 0.360055 0.887874 -0.286426
1.76777 3.13789 -2.8378 0.700553 0.25 0.360055 0.887874 -0.286426
2.16506 3.57526 -0.982602 0.783886 0.166667 0.360055 0.887874 -0.286426
3.06186 3.0291 -1.54829 0.783886 0.25 0.360055 0.887874 -0.286426
1.25 3.65219 -1.89443 0.700553 0.166667 0.360055 0.887874 -0.286426
2.16506 3.57526 -0.982602 0.783886 0.166667 0.491844 0.868684 -0.058968
3.53553 2.88048 0.213222 0.86722 0.25 0.491844 0.868684 -0.058968
3.06186 3.0291 -1.54829 0.783886 0.25 0.491844 0.868684 -0.058968
2.5 3.47017 0.262973 0.86722 0.166667 0.491844 0.868684 -0.058968
3.53553 2.88048 0.213222 0.86722 0.25 0.491844 0.868684 -0.058968
2.16506 3.57526 -0.982602 0.783886 0.166667 0.491844 0.868684 -0.058968
2.5 3.47017 0.262973 0.86722 0.166667 0.491844 0.846525 0.203677
3.06186 2.73187 1.97473 0.950553 0.25 0.491844 0.846525 0.203677
3.53553 2.88048 0.213222 0.86722 0.25 0.491844 0.846525 0.203677
2.16506 3.36509 1.50855 0.950553 0.166667 0.491844 0.846525 0.203677
3.06186 2.73187 1.97473 0.950553 0.25 0.491844 0.846525 0.203677
2.5 3.47017 0.262973 0.86722 0.166667 0.491844 0.846525 0.203677
1.12072 3.78647 0.939005 -0.049447 0.083333 0.215126 0.931139 0.294449
1.25 3.28816 2.42037 0.033886 0.166667 0.215126 0.931139 0.294449
2.16506 3.36509 1.50855 -0.049447 0.166667 0.215126 0.931139 0.294449
0.647048 3.74665 1.411 0.033886 0.083333 0.215126 0.931139 0.294449
1.25 3.28816 2.42037 0.033886 0.166667 0.215126 0.931139 0.294449
1.12072 3.78647 0.939005 -0.049447 0.083333 0.215126 0.931139 0.294449
0.647048 3.74665 1.411 0.033886 0.083333 0.078742 0.92452 0.372912
0 3.26 2.75412 0.11722 0.166667 0.078742 0.92452 0.372912
1.25 3.28816 2.42037 0.033886 0.166667 0.078742 0.92452 0.372912
0 3.73208 1.58376 0.11722 0.083333 0.078743 0.924519 0.372912
0 3.26 2.75412 0.11722 0.166667 0.078742 0.92452 0.372912
0.647048 3.74665 1.411 0.033886 0.083333 0.078742 0.92452 0.372912
0 3.73208 1.58376 0.11722 0.083333 -0.078742 0.92452 0.372912
-1.25 3.28816 2.42037 0.200553 0.166667 -0.078742 0.924519 0.372912
0 3.26 2.75412 0.11722 0.166667 -0.078742 0.924519 0.372912
-0.647048 3.74665 1.411 0.200553 0.083333 -0.078743 0.92452 0.372912
-1.25 3.28816 2.42037 0.200553 0.166667 -0.078742 0.924519 0.372912
0 3.73208 1.58376 0.11722 0.083333 -0.078742 0.92452 0.372912
-0.647048 3.74665 1.411 0.200553 0.083333 -0.215126 0.931139 0.294449
-2.16506 3.36509 1.50855 0.283886 0.166667 -0.215126 0.931139 0.294449
-1.25 3.28816 2.42037 0.200553 0.166667 -0.215126 0.931139 0.294449
-1.12072 3.78647 0.939005 0.283886 0.083333 -0.215126 0.931139 0.29445
-2.16506 3.36509 1.50855 0.283886 0.166667 -0.215126 0.931139 0.294449
-0.647048 3.74665 1.411 0.200553 0.083333 -0.215126 0.931139 0.294449
-1.12072 3.78647 0.939005 0.283886 0.083333 -0.293868 0.942605 0.158547
-2.5 3.47017 0.262973 0.36722 0.166667 -0.293868 0.942605 0.158547
-2.16506 3.36509 1.50855 0.283886 0.166667 -0.293868 0.942605 0.158547
-1.2941 3.84087 0.294248 0.36722 0.083333 -0.293868 0.942605 0.158547
-2.5 3.47017 0.262973 0.36722 0.166667 -0.293868 0.942605 0.158547
-1.12072 3.78647 0.939005 0.283886 0.083333 -0.293868 0.942605 0.158547
-1.2941 3.84087 0.294248 0.36722 0.083333 -0.293868 0.955845 0.001621
-2.16506 3.57526 -0.982602 0.450553 0.166667 -0.293868 0.955845 0.001621
-2.5 3.47017 0.262973 0.36722 0.166667 -0.293869 0.955845 0.001621
-1.12072 3.89527 -0.350509 0.450553 0.083333 -0.293868 0.955845 0.001621
-2.16506 3.57526 -0.982602 0.450553 0.166667 -0.293868 0.955845 0.001621
-1.2941 3.84087 0.294248 0.36722 0.083333 -0.293868 0.955845 0.001621
-1.12072 3.89527 -0.350509 0.450553 0.083333 -0.215126 0.96731 -0.134281
-1.25 3.65219 -1.89443 0.533886 0.166667 -0.215126 0.96731 -0.134281
-2.16506 3.57526 -0.982602 0.450553 0.166667 -0.215126 0.96731 -0.134281
-0.647048 3.93509 -0.822504 0.533886 0.083333 -0.215126 0.96731 -0.134281
-1.25 3.65219 -1.89443 0.533886 0.166667 -0.215126 0.96731 -0.134281
-1.12072 3.89527 -0.350509 0.450553 0.083333 -0.215126 0.96731 -0.134281
-0.647048 3.93509 -0.822504 0.533886 0.083333 -0.078742 0.97393 -0.212744
0 3.68035 -2.22818 0.61722 0.166667 -0.078742 0.97393 -0.212744
-1.25 3.65219 -1.89443 0.533886 0.166667 -0.078742 0.97393 -0.212743
0 3.94966 -0.995266 0.61722 0.083333 -0.078742 0.97393 -0.212744
0 3.68035 -2.22818 0.61722 0.166667 -0.078742 0.97393 -0.212744
-0.647048 3.93509 -0.822504 0.533886 0.083333 -0.078742 0.97393 -0.212744
0 3.94966 -0.995266 0.61722 0.083333 0.078742 0.97393 -0.212744
1.25 3.65219 -1.89443 0.700553 0.166667 0.078742 0.97393 -0.212744
0 3.68035 -2.22818 0.61722 0.166667 0.078742 0.97393 -0.212743
0.647048 3.93509 -0.822504 0.700553 0.083333 0.078742 0.97393 -0.212744
1.25 3.65219 -1.89443 0.700553 0.166667 0.078742 0.97393 -0.212744
0 3.94966 -0.995266 0.61722 0.083333 0.078742 0.97393 -0.212744
0.647048 3.93509 -0.822504 0.700553 0.083333 0.215126 0.96731 -0.134281
2.16506 3.57526 -0.982602 0.783886 0.166667 0.215126 0.96731 -0.134281
1.25 3.65219 -1.89443 0.700553 0.166667 0.215126 0.96731 -0.134281
1.12072 3.89527 -0.350509 0.783886 0.083333 0.215126 0.96731 -0.134281
2.16506 3.57526 -0.982602 0.783886 0.166667 0.215126 0.96731 -0.134281
0.647048 3.93509 -0.822504 0.700553 0.083333 0.215126 0.96731 -0.134281
1.12072 3.89527 -0.350509 0.783886 0.083333 0.293868 0.955845 0.001621
2.5 3.47017 0.262973 0.86722 0.166667 0.293868 0.955845 0.001621
2.16506 3.57526 -0.982602 0.783886 0.166667 0.293868 0.955845 0.001622
1.2941 3.84087 0.294248 0.86722 0.083333 0.293869 0.955844 0.00162
2.5 3.47017 0.262973 0.86722 0.166667 0.293868 0.955845 0.001621
1.12072 3.89527 -0.350509 0.783886 0.083333 0.293868 0.955845 0.001621
1.2941 3.84087 0.294248 0.86722 0.083333 0.293868 0.942605 0.158547
2.16506 3.36509 1.50855 0.950553 0.166667 0.293868 0.942605 0.158547
2.5 3.47017 0.262973 0.86722 0.166667 0.293868 0.942605 0.158547
1.12072 3.78647 0.939005 0.950553 0.083333 0.293868 0.942605 0.158547
2.16506 3.36509 1.50855 0.950553 0.166667 0.293868 0.942605 0.158547
1.2941 3.84087 0.294248 0.86722 0.083333 0.293868 0.942605 0.158547
0 -3.97616 -0 -0.00778 1 0.023997 -0.999424 0.023997
1.47437 -3.92032 0.851227 -0.049447 0.916667 0.023997 -0.999424 0.023997
0.851227 -3.92032 1.47437 0.033886 0.916667 0.023997 -0.999424 0.023997
0 -3.97616 -0 0.075553 1 0.008783 -0.999424 0.03278
0.851227 -3.92032 1.47437 0.033886 0.916667 0.008783 -0.999424 0.03278
0 -3.92032 1.70245 0.11722 0.916667 0.008783 -0.999424 0.03278
0 -3.97616 -0 0.158886 1 -0.008783 -0.999424 0.03278
0 -3.92032 1.70245 0.11722 0.916667 -0.008783 -0.999424 0.03278
-0.851227 -3.92032 1.47437 0.200553 0.916667 -0.008783 -0.999424 0.03278
0 -3.97616 -0 0.24222 1 -0.023997 -0.999424 0.023996
-0.851227 -3.92032 1.47437 0.200553 0.916667 -0.023997 -0.999424 0.023996
-1.47437 -3.92032 0.851227 0.283886 0.916667 -0.023997 -0.999424 0.023996
0 -3.97616 -0 0.325553 1 -0.03278 -0.999424 0.008783
-1.47437 -3.92032 0.851227 0.283886 0.916667 -0.03278 -0.999424 0.008783
-1.70245 -3.92032 -0 0.36722 0.916667 -0.03278 -0.999424 0.008783
0 -3.97616 -0 0.408886 1 -0.03278 -0.999424 -0.008783
-1.70245 -3.92032 -0 0.36722 0.916667 -0.03278 -0.999424 -0.008783
-1.47437 -3.92032 -0.851227 0.450553 0.916667 -0.03278 -0.999424 -0.008783
0 -3.97616 -0 0.49222 1 -0.023997 -0.999424 -0.023997
-1.47437 -3.92032 -0.851227 0.450553 0.916667 -0.023997 -0.999424 -0.023997
-0.851227 -3.92032 -1.47437 0.533886 0.916667 -0.023997 -0.999424 -0.023997
0 -3.97616 -0 0.575553 1 -0.008783 -0.999424 -0.03278
-0.851227 -3.92032 -1.47437 0.533886 0.916667 -0.008783 -0.999424 -0.03278
0 -3.92032 -1.70245 0.61722 0.916667 -0.008783 -0.999424 -0.03278
0 -3.97616 -0 0.658886 1 0.008783 -0.999424 -0.03278
0 -3.92032 -1.70245 0.61722 0.916667 0.008783 -0.999424 -0.03278
0.851227 -3.92032 -1.47437 0.700553 0.916667 0.008783 -0.999424 -0.03278
0 -3.97616 -0 0.74222 1 0.023997 -0.999424 -0.023996
0.851227 -3.92032 -1.47437 0.700553 0.916667 0.023997 -0.999424 -0.023996
1.47437 -3.92032 -0.851227 0.783886 0.916667 0.023997 -0.999424 -0.023996
0 -3.97616 -0 0.825553 1 0.03278 -0.999424 -0.008783
1.47437 -3.92032 -0.851227 0.783886 0.916667 0.03278 -0.999424 -0.008783
1.70245 -3.92032 -0 0.86722 0.916667 0.03278 -0.999424 -0.008783
0 -3.97616 -0 0.908886 1 0.03278 -0.999424 0.008783
1.70245 -3.92032 -0 0.86722 0.916667 0.03278 -0.999424 0.008783
1.47437 -3.92032 0.851227 0.950553 0.916667 0.03278 -0.999424 0.008783
0 3.96731 0.304915 -0.00778 0 0.07141 0.985362 0.154798
0.647048 3.74665 1.411 0.033886 0.083333 0.07141 0.985362 0.154798
1.12072 3.78647 0.939005 -0.049447 0.083333 0.07141 0.985362 0.154798
0 3.96731 0.304915 0.075553 0 0.026139 0.983165 0.180843
0 3.73208 1.58376 0.11722 0.083333 0.026139 0.983165 0.180843
0.647048 3.74665 1.411 0.033886 0.083333 0.026139 0.983165 0.180843
0 3.96731 0.304915 0.158886 0 -0.026139 0.983165 0.180843
-0.647048 3.74665 1.411 0.200553 0.083333 -0.026139 0.983165 0.180843
0 3.73208 1.58376 0.11722 0.083333 -0.026139 0.983165 0.180843
0 3.96731 0.304915 0.24222 0 -0.07141 0.985362 0.154798
-1.12072 3.78647 0.939005 0.283886 0.083333 -0.07141 0.985362 0.154798
-0.647048 3.74665 1.411 0.200553 0.083333 -0.07141 0.985362 0.154798
0 3.96731 0.304915 0.325553 0 -0.097549 0.989168 0.109684
-1.2941 3.84087 0.294248 0.36722 0.083333 -0.097549 0.989168 0.109684
-1.12072 3.78647 0.939005 0.283886 0.083333 -0.097549 0.989168 0.109684
0 3.96731 0.304915 0.408886 0 -0.097549 0.993563 0.057593
-1.12072 3.89527 -0.350509 0.450553 0.083333 -0.097549 0.993563 0.057593
-1.2941 3.84087 0.294248 0.36722 0.083333 -0.097549 0.993563 0.057593
0 3.96731 0.304915 0.49222 0 -0.071411 0.997369 0.012482
-0.647048 3.93509 -0.822504 0.533886 0.083333 -0.071411 0.997369 0.012482
-1.12072 3.89527 -0.350509 0.450553 0.083333 -0.071411 0.997369 0.012482
0 3.96731 0.304915 0.575553 0 -0.026138 0.999566 -0.013564
0 3.94966 -0.995266 0.61722 0.083333 -0.026138 0.999566 -0.013564
-0.647048 3.93509 -0.822504 0.533886 0.083333 -0.026138 0.999566 -0.013564
0 3.96731 0.304915 0.658886 0 0.026138 0.999566 -0.013564
0.647048 3.93509 -0.822504 0.700553 0.083333 0.026138 0.999566 -0.013564
0 3.94966 -0.995266 0.61722 0.083333 0.026138 0.999566 -0.013564
0 3.96731 0.304915 0.74222 0 0.071411 0.997369 0.012482
1.12072 3.89527 -0.350509 0.783886 0.083333 0.071411 0.997369 0.012482
0.647048 3.93509 -0.822504 0.700553 0.083333 0.071411 0.997369 0.012482
0 3.96731 0.304915 0.825553 0 0.097549 0.993563 0.057593
1.2941 3.84087 0.294248 0.86722 0.083333 0.097549 0.993563 0.057593
1.12072 3.89527 -0.350509 0.783886 0.083333 0.097549 0.993563 0.057593
0 3.96731 0.304915 0.908886 0 0.097549 0.989168 0.109684
1.12072 3.78647 0.939005 0.950553 0.083333 0.097549 0.989168 0.109684
1.2941 3.84087 0.294248 0.86722 0.083333 0.097549 0.989168 0.109684
