Vertex Count:792

Data:

2.84826 -3.75661 1.64444 -0.049447 0.833333 0.261535 -0.95331 0.150997
0.851227 -3.92032 1.47437 0.033886 0.916667 0.033876 -0.997702 0.058675
1.47437 -3.92032 0.851227 -0.049447 0.916667 0.058675 -0.997702 0.033876
1.64444 -3.75661 2.84826 0.033886 0.833333 0.150997 -0.95331 0.261535
0.851227 -3.92032 1.47437 0.033886 0.916667 0.033876 -0.997702 0.058675
2.84826 -3.75661 1.64444 -0.049447 0.833333 0.261535 -0.95331 0.150997
1.64444 -3.75661 2.84826 0.033886 0.833333 0.150997 -0.95331 0.261535
0 -3.92032 1.70245 0.11722 0.916667 -0 -0.997702 0.067752
0.851227 -3.92032 1.47437 0.033886 0.916667 0.033876 -0.997702 0.058675
0 -3.75661 3.28889 0.11722 0.833333 -0 -0.95331 0.301994
0 -3.92032 1.70245 0.11722 0.916667 -0 -0.997702 0.067752
1.64444 -3.75661 2.84826 0.033886 0.833333 0.150997 -0.95331 0.261535
0 -3.75661 3.28889 0.11722 0.833333 -0 -0.95331 0.301994
-0.851227 -3.92032 1.47437 0.200553 0.916667 -0.033876 -0.997702 0.058675
0 -3.92032 1.70245 0.11722 0.916667 -0 -0.997702 0.067752
-1.64444 -3.75661 2.84826 0.200553 0.833333 -0.150997 -0.95331 0.261535
-0.851227 -3.92032 1.47437 0.200553 0.916667 -0.033876 -0.997702 0.058675
0 -3.75661 3.28889 0.11722 0.833333 -0 -0.95331 0.301994
-1.64444 -3.75661 2.84826 0.200553 0.833333 -0.150997 -0.95331 0.261535
-1.47437 -3.92032 0.851227 0.283886 0.916667 -0.058675 -0.997702 0.033876
-0.851227 -3.92032 1.47437 0.200553 0.916667 -0.033876 -0.997702 0.058675
-2.84826 -3.75661 1.64444 0.283886 0.833333 -0.261535 -0.95331 0.150997
-1.47437 -3.92032 0.851227 0.283886 0.916667 -0.058675 -0.997702 0.033876
-1.64444 -3.75661 2.84826 0.200553 0.833333 -0.150997 -0.95331 0.261535
-2.84826 -3.75661 1.64444 0.283886 0.833333 -0.261535 -0.95331 0.150997
-1.70245 -3.92032 -0 0.36722 0.916667 -0.067752 -0.997702 0
-1.47437 -3.92032 0.851227 0.283886 0.916667 -0.058675 -0.997702 0.033876
-3.28889 -3.75661 -0 0.36722 0.833333 -0.301994 -0.95331 0
-1.70245 -3.92032 -0 0.36722 0.916667 -0.067752 -0.997702 0
-2.84826 -3.75661 1.64444 0.283886 0.833333 -0.261535 -0.95331 0.150997
-3.28889 -3.75661 -0 0.36722 0.833333 -0.301994 -0.95331 0
-1.47437 -3.92032 -0.851227 0.450553 0.916667 -0.058675 -0.997702 -0.033876
-1.70245 -3.92032 -0 0.36722 0.916667 -0.067752 -0.997702 0
-2.84826 -3.75661 -1.64444 0.450553 0.833333 -0.261535 -0.95331 -0.150997
-1.47437 -3.92032 -0.851227 0.450553 0.916667 -0.058675 -0.997702 -0.033876
-3.28889 -3.75661 -0 0.36722 0.833333 -0.301994 -0.95331 0
-2.84826 -3.75661 -1.64444 0.450553 0.833333 -0.261535 -0.95331 -0.150997
-0.851227 -3.92032 -1.47437 0.533886 0.916667 -0.033876 -0.997702 -0.058675
-1.47437 -3.92032 -0.851227 0.450553 0.916667 -0.058675 -0.997702 -0.033876
-1.64444 -3.75661 -2.84826 0.533886 0.833333 -0.150997 -0.95331 -0.261535
-0.851227 -3.92032 -1.47437 0.533886 0.916667 -0.033876 -0.997702 -0.058675
-2.84826 -3.75661 -1.64444 0.450553 0.833333 -0.261535 -0.95331 -0.150997
-1.64444 -3.75661 -2.84826 0.533886 0.833333 -0.150997 -0.95331 -0.261535
0 -3.92032 -1.70245 0.61722 0.916667 0 -0.997702 -0.067752
-0.851227 -3.92032 -1.47437 0.533886 0.916667 -0.033876 -0.997702 -0.058675
0 -3.75661 -3.28889 0.61722 0.833333 0 -0.95331 -0.301994
0 -3.92032 -1.70245 0.61722 0.916667 0 -0.997702 -0.067752
-1.64444 -3.75661 -2.84826 0.533886 0.833333 -0.150997 -0.95331 -0.261535
0 -3.75661 -3.28889 0.61722 0.833333 0 -0.95331 -0.301994
0.851227 -3.92032 -1.47437 0.700553 0.916667 0.033876 -0.997702 -0.058675
0 -3.92032 -1.70245 0.61722 0.916667 0 -0.997702 -0.067752
1.64444 -3.75661 -2.84826 0.700553 0.833333 0.150997 -0.95331 -0.261535
0.851227 -3.92032 -1.47437 0.700553 0.916667 0.033876 -0.997702 -0.058675
0 -3.75661 -3.28889 0.61722 0.833333 0 -0.95331 -0.301994
1.64444 -3.75661 -2.84826 0.700553 0.833333 0.150997 -0.95331 -0.261535
1.47437 -3.92032 -0.851227 0.783886 0.916667 0.058675 -0.997702 -0.033876
0.851227 -3.92032 -1.47437 0.700553 0.916667 0.033876 -0.997702 -0.058675
2.84826 -3.75661 -1.64444 0.783886 0.833333 0.261535 -0.95331 -0.150997
1.47437 -3.92032 -0.851227 0.783886 0.916667 0.058675 -0.997702 -0.033876
1.64444 -3.75661 -2.84826 0.700553 0.833333 0.150997 -0.95331 -0.261535
2.84826 -3.75661 -1.64444 0.783886 0.833333 0.261535 -0.95331 -0.150997
1.70245 -3.92032 -0 0.86722 0.916667 0.067752 -0.997702 -0
1.47437 -3.92032 -0.851227 0.783886 0.916667 0.058675 -0.997702 -0.033876
3.28889 -3.75661 -0 0.86722 0.833333 0.301994 -0.95331 -0
1.70245 -3.92032 -0 0.86722 0.916667 0.067752 -0.997702 -0
2.84826 -3.75661 -1.64444 0.783886 0.833333 0.261535 -0.95331 -0.150997
3.28889 -3.75661 -0 0.86722 0.833333 0.301994 -0.95331 -0
1.47437 -3.92032 0.851227 0.950553 0.916667 0.058675 -0.997702 0.033876
1.70245 -3.92032 -0 0.86722 0.916667 0.067752 -0.997702 -0
2.84826 -3.75661 1.64444 0.950553 0.833333 0.261535 -0.95331 0.150997
1.47437 -3.92032 0.851227 0.950553 0.916667 0.058675 -0.997702 0.033876
3.28889 -3.75661 -0 0.86722 0.833333 0.301994 -0.95331 -0
3.48003 -3.34622 2.00919 -0.049447 0.75 0.569448 -0.753418 0.328771
1.64444 -3.75661 2.84826 0.033886 0.833333 0.150997 -0.95331 0.261535
2.84826 -3.75661 1.64444 -0.049447 0.833333 0.261535 -0.95331 0.150997
2.00919 -3.34622 3.48003 0.033886 0.75 0.328771 -0.753418 0.569448
1.64444 -3.75661 2.84826 0.033886 0.833333 0.150997 -0.95331 0.261535
3.48003 -3.34622 2.00919 -0.049447 0.75 0.569448 -0.753418 0.328771
2.00919 -3.34622 3.48003 0.033886 0.75 0.328771 -0.753418 0.569448
0 -3.75661 3.28889 0.11722 0.833333 -0 -0.95331 0.301994
1.64444 -3.75661 2.84826 0.033886 0.833333 0.150997 -0.95331 0.261535
0 -3.34622 4.01839 0.11722 0.75 0 -0.753418 0.657542
0 -3.75661 3.28889 0.11722 0.833333 -0 -0.95331 0.301994
2.00919 -3.34622 3.48003 0.033886 0.75 0.328771 -0.753418 0.569448
0 -3.34622 4.01839 0.11722 0.75 0 -0.753418 0.657542
-1.64444 -3.75661 2.84826 0.200553 0.833333 -0.150997 -0.95331 0.261535
0 -3.75661 3.28889 0.11722 0.833333 -0 -0.95331 0.301994
-2.00919 -3.34622 3.48003 0.200553 0.75 -0.328771 -0.753418 0.569448
-1.64444 -3.75661 2.84826 0.200553 0.833333 -0.150997 -0.95331 0.261535
0 -3.34622 4.01839 0.11722 0.75 0 -0.753418 0.657542
-2.00919 -3.34622 3.48003 0.200553 0.75 -0.328771 -0.753418 0.569448
-2.84826 -3.75661 1.64444 0.283886 0.833333 -0.261535 -0.95331 0.150997
-1.64444 -3.75661 2.84826 0.200553 0.833333 -0.150997 -0.95331 0.261535
-3.48003 -3.34622 2.00919 0.283886 0.75 -0.569448 -0.753418 0.328771
-2.84826 -3.75661 1.64444 0.283886 0.833333 -0.261535 -0.95331 0.150997
-2.00919 -3.34622 3.48003 0.200553 0.75 -0.328771 -0.753418 0.569448
-3.48003 -3.34622 2.00919 0.283886 0.75 -0.569448 -0.753418 0.328771
-3.28889 -3.75661 -0 0.36722 0.833333 -0.301994 -0.95331 0
-2.84826 -3.75661 1.64444 0.283886 0.833333 -0.261535 -0.95331 0.150997
-4.01839 -3.34622 -0 0.36722 0.75 -0.657541 -0.753418 -0
-3.28889 -3.75661 -0 0.36722 0.833333 -0.301994 -0.95331 0
-3.48003 -3.34622 2.00919 0.283886 0.75 -0.569448 -0.753418 0.328771
-4.01839 -3.34622 -0 0.36722 0.75 -0.657541 -0.753418 -0
-2.84826 -3.75661 -1.64444 0.450553 0.833333 -0.261535 -0.95331 -0.150997
-3.28889 -3.75661 -0 0.36722 0.833333 -0.301994 -0.95331 0
-3.48003 -3.34622 -2.00919 0.450553 0.75 -0.569448 -0.753418 -0.328771
-2.84826 -3.75661 -1.64444 0.450553 0.833333 -0.261535 -0.95331 -0.150997
-4.01839 -3.34622 -0 0.36722 0.75 -0.657541 -0.753418 -0
-3.48003 -3.34622 -2.00919 0.450553 0.75 -0.569448 -0.753418 -0.328771
-1.64444 -3.75661 -2.84826 0.533886 0.833333 -0.150997 -0.95331 -0.261535
-2.84826 -3.75661 -1.64444 0.450553 0.833333 -0.261535 -0.95331 -0.150997
-2.00919 -3.34622 -3.48003 0.533886 0.75 -0.328771 -0.753418 -0.569448
-1.64444 -3.75661 -2.84826 0.533886 0.833333 -0.150997 -0.95331 -0.261535
-3.48003 -3.34622 -2.00919 0.450553 0.75 -0.569448 -0.753418 -0.328771
-2.00919 -3.34622 -3.48003 0.533886 0.75 -0.328771 -0.753418 -0.569448
0 -3.75661 -3.28889 0.61722 0.833333 0 -0.95331 -0.301994
-1.64444 -3.75661 -2.84826 0.533886 0.833333 -0.150997 -0.95331 -0.261535
0 -3.34622 -4.01839 0.61722 0.75 0 -0.753418 -0.657542
0 -3.75661 -3.28889 0.61722 0.833333 0 -0.95331 -0.301994
-2.00919 -3.34622 -3.48003 0.533886 0.75 -0.328771 -0.753418 -0.569448
0 -3.34622 -4.01839 0.61722 0.75 0 -0.753418 -0.657542
1.64444 -3.75661 -2.84826 0.700553 0.833333 0.150997 -0.95331 -0.261535
0 -3.75661 -3.28889 0.61722 0.833333 0 -0.95331 -0.301994
2.00919 -3.34622 -3.48003 0.700553 0.75 0.328771 -0.753418 -0.569448
1.64444 -3.75661 -2.84826 0.700553 0.833333 0.150997 -0.95331 -0.261535
0 -3.34622 -4.01839 0.61722 0.75 0 -0.753418 -0.657542
2.00919 -3.34622 -3.48003 0.700553 0.75 0.328771 -0.753418 -0.569448
2.84826 -3.75661 -1.64444 0.783886 0.833333 0.261535 -0.95331 -0.150997
1.64444 -3.75661 -2.84826 0.700553 0.833333 0.150997 -0.95331 -0.261535
3.48003 -3.34622 -2.00919 0.783886 0.75 0.569448 -0.753418 -0.328771
2.84826 -3.75661 -1.64444 0.783886 0.833333 0.261535 -0.95331 -0.150997
2.00919 -3.34622 -3.48003 0.700553 0.75 0.328771 -0.753418 -0.569448
3.48003 -3.34622 -2.00919 0.783886 0.75 0.569448 -0.753418 -0.328771
3.28889 -3.75661 -0 0.86722 0.833333 0.301994 -0.95331 -0
2.84826 -3.75661 -1.64444 0.783886 0.833333 0.261535 -0.95331 -0.150997
4.01839 -3.34622 -0 0.86722 0.75 0.657541 -0.753418 0
3.28889 -3.75661 -0 0.86722 0.833333 0.301994 -0.95331 -0
3.48003 -3.34622 -2.00919 0.783886 0.75 0.569448 -0.753418 -0.328771
4.01839 -3.34622 -0 0.86722 0.75 0.657541 -0.753418 0
2.84826 -3.75661 1.64444 0.950553 0.833333 0.261535 -0.95331 0.150997
3.28889 -3.75661 -0 0.86722 0.833333 0.301994 -0.95331 -0
3.48003 -3.34622 2.00919 0.950553 0.75 0.569448 -0.753418 0.328771
2.84826 -3.75661 1.64444 0.950553 0.833333 0.261535 -0.95331 0.150997
4.01839 -3.34622 -0 0.86722 0.75 0.657541 -0.753418 0
3.99576 -2.55504 2.30695 -0.049447 0.666667 0.754294 -0.491313 0.435492
2.00919 -3.34622 3.48003 0.033886 0.75 0.328771 -0.753418 0.569448
3.48003 -3.34622 2.00919 -0.049447 0.75 0.569448 -0.753418 0.328771
2.30695 -2.55504 3.99576 0.033886 0.666667 0.435492 -0.491313 0.754294
2.00919 -3.34622 3.48003 0.033886 0.75 0.328771 -0.753418 0.569448
3.99576 -2.55504 2.30695 -0.049447 0.666667 0.754294 -0.491313 0.435492
2.30695 -2.55504 3.99576 0.033886 0.666667 0.435492 -0.491313 0.754294
0 -3.34622 4.01839 0.11722 0.75 0 -0.753418 0.657542
2.00919 -3.34622 3.48003 0.033886 0.75 0.328771 -0.753418 0.569448
0 -2.55504 4.61391 0.11722 0.666667 0 -0.491313 0.870983
0 -3.34622 4.01839 0.11722 0.75 0 -0.753418 0.657542
2.30695 -2.55504 3.99576 0.033886 0.666667 0.435492 -0.491313 0.754294
0 -2.55504 4.61391 0.11722 0.666667 0 -0.491313 0.870983
-2.00919 -3.34622 3.48003 0.200553 0.75 -0.328771 -0.753418 0.569448
0 -3.34622 4.01839 0.11722 0.75 0 -0.753418 0.657542
-2.30695 -2.55504 3.99576 0.200553 0.666667 -0.435492 -0.491313 0.754294
-2.00919 -3.34622 3.48003 0.200553 0.75 -0.328771 -0.753418 0.569448
0 -2.55504 4.61391 0.11722 0.666667 0 -0.491313 0.870983
-2.30695 -2.55504 3.99576 0.200553 0.666667 -0.435492 -0.491313 0.754294
-3.48003 -3.34622 2.00919 0.283886 0.75 -0.569448 -0.753418 0.328771
-2.00919 -3.34622 3.48003 0.200553 0.75 -0.328771 -0.753418 0.569448
-3.99576 -2.55504 2.30695 0.283886 0.666667 -0.754294 -0.491313 0.435492
-3.48003 -3.34622 2.00919 0.283886 0.75 -0.569448 -0.753418 0.328771
-2.30695 -2.55504 3.99576 0.200553 0.666667 -0.435492 -0.491313 0.754294
-3.99576 -2.55504 2.30695 0.283886 0.666667 -0.754294 -0.491313 0.435492
-4.01839 -3.34622 -0 0.36722 0.75 -0.657541 -0.753418 -0
-3.48003 -3.34622 2.00919 0.283886 0.75 -0.569448 -0.753418 0.328771
-4.61391 -2.55504 -0 0.36722 0.666667 -0.870983 -0.491313 -0
-4.01839 -3.34622 -0 0.36722 0.75 -0.657541 -0.753418 -0
-3.99576 -2.55504 2.30695 0.283886 0.666667 -0.754294 -0.491313 0.435492
-4.61391 -2.55504 -0 0.36722 0.666667 -0.870983 -0.491313 -0
-3.48003 -3.34622 -2.00919 0.450553 0.75 -0.569448 -0.753418 -0.328771
-4.01839 -3.34622 -0 0.36722 0.75 -0.657541 -0.753418 -0
-3.99576 -2.55504 -2.30695 0.450553 0.666667 -0.754294 -0.491313 -0.435492
-3.48003 -3.34622 -2.00919 0.450553 0.75 -0.569448 -0.753418 -0.328771
-4.61391 -2.55504 -0 0.36722 0.666667 -0.870983 -0.491313 -0
-3.99576 -2.55504 -2.30695 0.450553 0.666667 -0.754294 -0.491313 -0.435492
-2.00919 -3.34622 -3.48003 0.533886 0.75 -0.328771 -0.753418 -0.569448
-3.48003 -3.34622 -2.00919 0.450553 0.75 -0.569448 -0.753418 -0.328771
-2.30695 -2.55504 -3.99576 0.533886 0.666667 -0.435492 -0.491313 -0.754294
-2.00919 -3.34622 -3.48003 0.533886 0.75 -0.328771 -0.753418 -0.569448
-3.99576 -2.55504 -2.30695 0.450553 0.666667 -0.754294 -0.491313 -0.435492
-2.30695 -2.55504 -3.99576 0.533886 0.666667 -0.435492 -0.491313 -0.754294
0 -3.34622 -4.01839 0.61722 0.75 0 -0.753418 -0.657542
-2.00919 -3.34622 -3.48003 0.533886 0.75 -0.328771 -0.753418 -0.569448
0 -2.55504 -4.61391 0.61722 0.666667 0 -0.491313 -0.870983
0 -3.34622 -4.01839 0.61722 0.75 0 -0.753418 -0.657542
-2.30695 -2.55504 -3.99576 0.533886 0.666667 -0.435492 -0.491313 -0.754294
0 -2.55504 -4.61391 0.61722 0.666667 0 -0.491313 -0.870983
2.00919 -3.34622 -3.48003 0.700553 0.75 0.328771 -0.753418 -0.569448
0 -3.34622 -4.01839 0.61722 0.75 0 -0.753418 -0.657542
2.30695 -2.55504 -3.99576 0.700553 0.666667 0.435492 -0.491313 -0.754294
2.00919 -3.34622 -3.48003 0.700553 0.75 0.328771 -0.753418 -0.569448
0 -2.55504 -4.61391 0.61722 0.666667 0 -0.491313 -0.870983
2.30695 -2.55504 -3.99576 0.700553 0.666667 0.435492 -0.491313 -0.754294
3.48003 -3.34622 -2.00919 0.783886 0.75 0.569448 -0.753418 -0.328771
2.00919 -3.34622 -3.48003 0.700553 0.75 0.328771 -0.753418 -0.569448
3.99576 -2.55504 -2.30695 0.783886 0.666667 0.754294 -0.491313 -0.435492
3.48003 -3.34622 -2.00919 0.783886 0.75 0.569448 -0.753418 -0.328771
2.30695 -2.55504 -3.99576 0.700553 0.666667 0.435492 -0.491313 -0.754294
3.99576 -2.55504 -2.30695 0.783886 0.666667 0.754294 -0.491313 -0.435492
4.01839 -3.34622 -0 0.86722 0.75 0.657541 -0.753418 0
3.48003 -3.34622 -2.00919 0.783886 0.75 0.569448 -0.753418 -0.328771
4.61391 -2.55504 -0 0.86722 0.666667 0.870983 -0.491313 0
4.01839 -3.34622 -0 0.86722 0.75 0.657541 -0.753418 0
3.99576 -2.55504 -2.30695 0.783886 0.666667 0.754294 -0.491313 -0.435492
4.61391 -2.55504 -0 0.86722 0.666667 0.870983 -0.491313 0
3.48003 -3.34622 2.00919 0.950553 0.75 0.569448 -0.753418 0.328771
4.01839 -3.34622 -0 0.86722 0.75 0.657541 -0.753418 0
3.99576 -2.55504 2.30695 0.950553 0.666667 0.754294 -0.491313 0.435492
3.48003 -3.34622 2.00919 0.950553 0.75 0.569448 -0.753418 0.328771
4.61391 -2.55504 -0 0.86722 0.666667 0.870983 -0.491313 0
4.32303 -1.61152 2.4959 -0.049447 0.583333 0.846246 -0.212387 0.48863
2.30695 -2.55504 3.99576 0.033886 0.666667 0.435492 -0.491313 0.754294
3.99576 -2.55504 2.30695 -0.049447 0.666667 0.754294 -0.491313 0.435492
2.4959 -1.61152 4.32303 0.033886 0.583333 0.489179 -0.206765 0.84732
2.30695 -2.55504 3.99576 0.033886 0.666667 0.435492 -0.491313 0.754294
4.32303 -1.61152 2.4959 -0.049447 0.583333 0.846246 -0.212387 0.48863
2.4959 -1.61152 4.32303 0.033886 0.583333 0.489179 -0.206765 0.84732
0 -2.55504 4.61391 0.11722 0.666667 0 -0.491313 0.870983
2.30695 -2.55504 3.99576 0.033886 0.666667 0.435492 -0.491313 0.754294
0 -1.61152 4.99181 0.11722 0.583333 0 -0.204704 0.978824
0 -2.55504 4.61391 0.11722 0.666667 0 -0.491313 0.870983
2.4959 -1.61152 4.32303 0.033886 0.583333 0.489179 -0.206765 0.84732
0 -1.61152 4.99181 0.11722 0.583333 0 -0.204704 0.978824
-2.30695 -2.55504 3.99576 0.200553 0.666667 -0.435492 -0.491313 0.754294
0 -2.55504 4.61391 0.11722 0.666667 0 -0.491313 0.870983
-2.4959 -1.61152 4.32303 0.200553 0.583333 -0.489179 -0.206765 0.84732
-2.30695 -2.55504 3.99576 0.200553 0.666667 -0.435492 -0.491313 0.754294
0 -1.61152 4.99181 0.11722 0.583333 0 -0.204704 0.978824
-2.4959 -1.61152 4.32303 0.200553 0.583333 -0.489179 -0.206765 0.84732
-3.99576 -2.55504 2.30695 0.283886 0.666667 -0.754294 -0.491313 0.435492
-2.30695 -2.55504 3.99576 0.200553 0.666667 -0.435492 -0.491313 0.754294
-4.32303 -1.61152 2.4959 0.283886 0.583333 -0.846246 -0.212387 0.48863
-3.99576 -2.55504 2.30695 0.283886 0.666667 -0.754294 -0.491313 0.435492
-2.4959 -1.61152 4.32303 0.200553 0.583333 -0.489179 -0.206765 0.84732
-4.32303 -1.61152 2.4959 0.283886 0.583333 -0.846246 -0.212387 0.48863
-4.61391 -2.55504 -0 0.36722 0.666667 -0.870983 -0.491313 -0
-3.99576 -2.55504 2.30695 0.283886 0.666667 -0.754294 -0.491313 0.435492
-4.99181 -1.61152 -0 0.36722 0.583333 -0.97549 -0.220044 6.6e-05
-4.61391 -2.55504 -0 0.36722 0.666667 -0.870983 -0.491313 -0
-4.32303 -1.61152 2.4959 0.283886 0.583333 -0.846246 -0.212387 0.48863
-4.99181 -1.61152 -0 0.36722 0.583333 -0.97549 -0.220044 6.6e-05
-3.99576 -2.55504 -2.30695 0.450553 0.666667 -0.754294 -0.491313 -0.435492
-4.61391 -2.55504 -0 0.36722 0.666667 -0.870983 -0.491313 -0
-4.32303 -1.61152 -2.4959 0.450553 0.583333 -0.843318 -0.227671 -0.486807
-3.99576 -2.55504 -2.30695 0.450553 0.666667 -0.754294 -0.491313 -0.435492
-4.99181 -1.61152 -0 0.36722 0.583333 -0.97549 -0.220044 6.6e-05
-4.32303 -1.61152 -2.4959 0.450553 0.583333 -0.843318 -0.227671 -0.486807
-2.30695 -2.55504 -3.99576 0.533886 0.666667 -0.435492 -0.491313 -0.754294
-3.99576 -2.55504 -2.30695 0.450553 0.666667 -0.754294 -0.491313 -0.435492
-2.4959 -1.61152 -4.32303 0.533886 0.583333 -0.486251 -0.233234 -0.842117
-2.30695 -2.55504 -3.99576 0.533886 0.666667 -0.435492 -0.491313 -0.754294
-4.32303 -1.61152 -2.4959 0.450553 0.583333 -0.843318 -0.227671 -0.486807
-2.4959 -1.61152 -4.32303 0.533886 0.583333 -0.486251 -0.233234 -0.842117
0 -2.55504 -4.61391 0.61722 0.666667 0 -0.491313 -0.870983
-2.30695 -2.55504 -3.99576 0.533886 0.666667 -0.435492 -0.491313 -0.754294
0 -1.61152 -4.99181 0.61722 0.583333 -0 -0.235266 -0.971931
0 -2.55504 -4.61391 0.61722 0.666667 0 -0.491313 -0.870983
-2.4959 -1.61152 -4.32303 0.533886 0.583333 -0.486251 -0.233234 -0.842117
0 -1.61152 -4.99181 0.61722 0.583333 -0 -0.235266 -0.971931
2.30695 -2.55504 -3.99576 0.700553 0.666667 0.435492 -0.491313 -0.754294
0 -2.55504 -4.61391 0.61722 0.666667 0 -0.491313 -0.870983
2.4959 -1.61152 -4.32303 0.700553 0.583333 0.486251 -0.233234 -0.842117
2.30695 -2.55504 -3.99576 0.700553 0.666667 0.435492 -0.491313 -0.754294
0 -1.61152 -4.99181 0.61722 0.583333 -0 -0.235266 -0.971931
2.4959 -1.61152 -4.32303 0.700553 0.583333 0.486251 -0.233234 -0.842117
3.99576 -2.55504 -2.30695 0.783886 0.666667 0.754294 -0.491313 -0.435492
2.30695 -2.55504 -3.99576 0.700553 0.666667 0.435492 -0.491313 -0.754294
4.32303 -1.61152 -2.4959 0.783886 0.583333 0.843318 -0.227671 -0.486807
3.99576 -2.55504 -2.30695 0.783886 0.666667 0.754294 -0.491313 -0.435492
2.4959 -1.61152 -4.32303 0.700553 0.583333 0.486251 -0.233234 -0.842117
4.32303 -1.61152 -2.4959 0.783886 0.583333 0.843318 -0.227671 -0.486807
4.61391 -2.55504 -0 0.86722 0.666667 0.870983 -0.491313 0
3.99576 -2.55504 -2.30695 0.783886 0.666667 0.754294 -0.491313 -0.435492
4.99181 -1.61152 -0 0.86722 0.583333 0.97549 -0.220044 6.6e-05
4.61391 -2.55504 -0 0.86722 0.666667 0.870983 -0.491313 0
4.32303 -1.61152 -2.4959 0.783886 0.583333 0.843318 -0.227671 -0.486807
4.99181 -1.61152 -0 0.86722 0.583333 0.97549 -0.220044 6.6e-05
3.99576 -2.55504 2.30695 0.950553 0.666667 0.754294 -0.491313 0.435492
4.61391 -2.55504 -0 0.86722 0.666667 0.870983 -0.491313 0
4.32303 -1.61152 2.4959 0.950553 0.583333 0.846246 -0.212387 0.48863
3.99576 -2.55504 2.30695 0.950553 0.666667 0.754294 -0.491313 0.435492
4.99181 -1.61152 -0 0.86722 0.583333 0.97549 -0.220044 6.6e-05
4.32303 -1.61152 2.4959 -0.049447 0.583333 0.846246 -0.212387 0.48863
2.53609 -0.317423 4.35181 0.033886 0.5 0.497841 0.073744 0.864128
2.4959 -1.61152 4.32303 0.033886 0.583333 0.489179 -0.206765 0.84732
4.39264 -0.317423 2.49526 -0.049447 0.5 0.863208 0.068435 0.500189
2.53609 -0.317423 4.35181 0.033886 0.5 0.497841 0.073744 0.864128
4.32303 -1.61152 2.4959 -0.049447 0.583333 0.846246 -0.212387 0.48863
2.4959 -1.61152 4.32303 0.033886 0.583333 0.489179 -0.206765 0.84732
0 -0.317423 5.03135 0.11722 0.5 0 0.075771 0.997125
0 -1.61152 4.99181 0.11722 0.583333 0 -0.204704 0.978824
2.53609 -0.317423 4.35181 0.033886 0.5 0.497841 0.073744 0.864128
0 -0.317423 5.03135 0.11722 0.5 0 0.075771 0.997125
2.4959 -1.61152 4.32303 0.033886 0.583333 0.489179 -0.206765 0.84732
0 -0.317423 5.03135 0.11722 0.5 0 0.075771 0.997125
-2.4959 -1.61152 4.32303 0.200553 0.583333 -0.489179 -0.206765 0.84732
0 -1.61152 4.99181 0.11722 0.583333 0 -0.204704 0.978824
-2.53609 -0.317423 4.35181 0.200553 0.5 -0.497841 0.073744 0.864128
-2.4959 -1.61152 4.32303 0.200553 0.583333 -0.489179 -0.206765 0.84732
0 -0.317423 5.03135 0.11722 0.5 0 0.075771 0.997125
-2.53609 -0.317423 4.35181 0.200553 0.5 -0.497841 0.073744 0.864128
-4.32303 -1.61152 2.4959 0.283886 0.583333 -0.846246 -0.212387 0.48863
-2.4959 -1.61152 4.32303 0.200553 0.583333 -0.489179 -0.206765 0.84732
-4.39264 -0.317423 2.49526 0.283886 0.5 -0.863208 0.068435 0.500189
-4.32303 -1.61152 2.4959 0.283886 0.583333 -0.846246 -0.212387 0.48863
-2.53609 -0.317423 4.35181 0.200553 0.5 -0.497841 0.073744 0.864128
-4.39264 -0.317423 2.49526 0.283886 0.5 -0.863208 0.068435 0.500189
-4.99181 -1.61152 -0 0.36722 0.583333 -0.97549 -0.220044 6.6e-05
-4.32303 -1.61152 2.4959 0.283886 0.583333 -0.846246 -0.212387 0.48863
-5.07219 -0.317423 -0.040837 0.36722 0.5 -0.998095 0.061671 0.001784
-4.99181 -1.61152 -0 0.36722 0.583333 -0.97549 -0.220044 6.6e-05
-4.39264 -0.317423 2.49526 0.283886 0.5 -0.863208 0.068435 0.500189
-5.07219 -0.317423 -0.040837 0.36722 0.5 -0.998095 0.061671 0.001784
-4.32303 -1.61152 -2.4959 0.450553 0.583333 -0.843318 -0.227671 -0.486807
-4.99181 -1.61152 -0 0.36722 0.583333 -0.97549 -0.220044 6.6e-05
-4.39264 -0.317423 -2.57693 0.450553 0.5 -0.865456 0.055391 -0.497914
-4.32303 -1.61152 -2.4959 0.450553 0.583333 -0.843318 -0.227671 -0.486807
-5.07219 -0.317423 -0.040837 0.36722 0.5 -0.998095 0.061671 0.001784
-4.39264 -0.317423 -2.57693 0.450553 0.5 -0.865456 0.055391 -0.497914
-2.4959 -1.61152 -4.32303 0.533886 0.583333 -0.486251 -0.233234 -0.842117
-4.32303 -1.61152 -2.4959 0.450553 0.583333 -0.843318 -0.227671 -0.486807
-2.53609 -0.317423 -4.43348 0.533886 0.5 -0.500101 0.051056 -0.864461
-2.4959 -1.61152 -4.32303 0.533886 0.583333 -0.486251 -0.233234 -0.842117
-4.39264 -0.317423 -2.57693 0.450553 0.5 -0.865456 0.055391 -0.497914
-2.53609 -0.317423 -4.43348 0.533886 0.5 -0.500101 0.051056 -0.864461
0 -1.61152 -4.99181 0.61722 0.583333 -0 -0.235266 -0.971931
-2.4959 -1.61152 -4.32303 0.533886 0.583333 -0.486251 -0.233234 -0.842117
0 -0.317423 -5.11303 0.61722 0.5 0 0.049519 -0.998773
0 -1.61152 -4.99181 0.61722 0.583333 -0 -0.235266 -0.971931
-2.53609 -0.317423 -4.43348 0.533886 0.5 -0.500101 0.051056 -0.864461
0 -1.61152 -4.99181 0.61722 0.583333 -0 -0.235266 -0.971931
2.53609 -0.317423 -4.43348 0.700553 0.5 0.500101 0.051056 -0.864461
2.4959 -1.61152 -4.32303 0.700553 0.583333 0.486251 -0.233234 -0.842117
0 -0.317423 -5.11303 0.61722 0.5 0 0.049519 -0.998773
2.53609 -0.317423 -4.43348 0.700553 0.5 0.500101 0.051056 -0.864461
0 -1.61152 -4.99181 0.61722 0.583333 -0 -0.235266 -0.971931
2.4959 -1.61152 -4.32303 0.700553 0.583333 0.486251 -0.233234 -0.842117
4.39264 -0.317423 -2.57693 0.783886 0.5 0.865456 0.055391 -0.497914
4.32303 -1.61152 -2.4959 0.783886 0.583333 0.843318 -0.227671 -0.486807
2.53609 -0.317423 -4.43348 0.700553 0.5 0.500101 0.051056 -0.864461
4.39264 -0.317423 -2.57693 0.783886 0.5 0.865456 0.055391 -0.497914
2.4959 -1.61152 -4.32303 0.700553 0.583333 0.486251 -0.233234 -0.842117
4.32303 -1.61152 -2.4959 0.783886 0.583333 0.843318 -0.227671 -0.486807
5.07219 -0.317423 -0.040837 0.86722 0.5 0.998095 0.061671 0.001784
4.99181 -1.61152 -0 0.86722 0.583333 0.97549 -0.220044 6.6e-05
4.39264 -0.317423 -2.57693 0.783886 0.5 0.865456 0.055391 -0.497914
5.07219 -0.317423 -0.040837 0.86722 0.5 0.998095 0.061671 0.001784
4.32303 -1.61152 -2.4959 0.783886 0.583333 0.843318 -0.227671 -0.486807
4.99181 -1.61152 -0 0.86722 0.583333 0.97549 -0.220044 6.6e-05
4.39264 -0.317423 2.49526 0.950553 0.5 0.863208 0.068435 0.500189
4.32303 -1.61152 2.4959 0.950553 0.583333 0.846246 -0.212387 0.48863
5.07219 -0.317423 -0.040837 0.86722 0.5 0.998095 0.061671 0.001784
4.39264 -0.317423 2.49526 0.950553 0.5 0.863208 0.068435 0.500189
4.99181 -1.61152 -0 0.86722 0.583333 0.97549 -0.220044 6.6e-05
4.18258 0.880481 2.4129 -0.049447 0.416667 0.823109 0.288186 0.489326
2.53609 -0.317423 4.35181 0.033886 0.5 0.497841 0.073744 0.864128
4.39264 -0.317423 2.49526 -0.049447 0.5 0.863208 0.068435 0.500189
2.41481 0.810064 4.17926 0.033886 0.416667 0.474155 0.278661 0.83518
2.53609 -0.317423 4.35181 0.033886 0.5 0.497841 0.073744 0.864128
4.18258 0.880481 2.4129 -0.049447 0.416667 0.823109 0.288186 0.489326
2.41481 0.810064 4.17926 0.033886 0.416667 0.474155 0.278661 0.83518
0 -0.317423 5.03135 0.11722 0.5 0 0.075771 0.997125
2.53609 -0.317423 4.35181 0.033886 0.5 0.497841 0.073744 0.864128
0 0.78429 4.8258 0.11722 0.416667 0 0.275321 0.961352
0 -0.317423 5.03135 0.11722 0.5 0 0.075771 0.997125
2.41481 0.810064 4.17926 0.033886 0.416667 0.474155 0.278661 0.83518
0 -0.317423 5.03135 0.11722 0.5 0 0.075771 0.997125
-2.41481 0.810064 4.17926 0.200553 0.416667 -0.474155 0.278661 0.83518
-2.53609 -0.317423 4.35181 0.200553 0.5 -0.497841 0.073744 0.864128
0 0.78429 4.8258 0.11722 0.416667 0 0.275321 0.961352
-2.41481 0.810064 4.17926 0.200553 0.416667 -0.474155 0.278661 0.83518
0 -0.317423 5.03135 0.11722 0.5 0 0.075771 0.997125
-2.53609 -0.317423 4.35181 0.200553 0.5 -0.497841 0.073744 0.864128
-4.18258 0.880481 2.4129 0.283886 0.416667 -0.823109 0.288186 0.489326
-4.39264 -0.317423 2.49526 0.283886 0.5 -0.863208 0.068435 0.500189
-2.41481 0.810064 4.17926 0.200553 0.416667 -0.474155 0.278661 0.83518
-4.18258 0.880481 2.4129 0.283886 0.416667 -0.823109 0.288186 0.489326
-2.53609 -0.317423 4.35181 0.200553 0.5 -0.497841 0.073744 0.864128
-4.39264 -0.317423 2.49526 0.283886 0.5 -0.863208 0.068435 0.500189
-4.82963 0.976672 -0 0.36722 0.416667 -0.953186 0.302042 0.014373
-5.07219 -0.317423 -0.040837 0.36722 0.5 -0.998095 0.061671 0.001784
-4.18258 0.880481 2.4129 0.283886 0.416667 -0.823109 0.288186 0.489326
-4.82963 0.976672 -0 0.36722 0.416667 -0.953186 0.302042 0.014373
-4.39264 -0.317423 2.49526 0.283886 0.5 -0.863208 0.068435 0.500189
-5.07219 -0.317423 -0.040837 0.36722 0.5 -0.998095 0.061671 0.001784
-4.18258 1.07286 -2.4129 0.450553 0.416667 -0.827715 0.316724 -0.463221
-4.39264 -0.317423 -2.57693 0.450553 0.5 -0.865456 0.055391 -0.497914
-4.82963 0.976672 -0 0.36722 0.416667 -0.953186 0.302042 0.014373
-4.18258 1.07286 -2.4129 0.450553 0.416667 -0.827715 0.316724 -0.463221
-5.07219 -0.317423 -0.040837 0.36722 0.5 -0.998095 0.061671 0.001784
-4.39264 -0.317423 -2.57693 0.450553 0.5 -0.865456 0.055391 -0.497914
-2.41481 1.14328 -4.17926 0.533886 0.416667 -0.478782 0.32792 -0.814393
-2.53609 -0.317423 -4.43348 0.533886 0.5 -0.500101 0.051056 -0.864461
-4.18258 1.07286 -2.4129 0.450553 0.416667 -0.827715 0.316724 -0.463221
-2.41481 1.14328 -4.17926 0.533886 0.416667 -0.478782 0.32792 -0.814393
-4.39264 -0.317423 -2.57693 0.450553 0.5 -0.865456 0.055391 -0.497914
-2.53609 -0.317423 -4.43348 0.533886 0.5 -0.500101 0.051056 -0.864461
0 1.16905 -4.8258 0.61722 0.416667 0 0.332102 -0.943243
0 -0.317423 -5.11303 0.61722 0.5 0 0.049519 -0.998773
-2.41481 1.14328 -4.17926 0.533886 0.416667 -0.478782 0.32792 -0.814393
0 1.16905 -4.8258 0.61722 0.416667 0 0.332102 -0.943243
-2.53609 -0.317423 -4.43348 0.533886 0.5 -0.500101 0.051056 -0.864461
0 1.16905 -4.8258 0.61722 0.416667 0 0.332102 -0.943243
2.53609 -0.317423 -4.43348 0.700553 0.5 0.500101 0.051056 -0.864461
0 -0.317423 -5.11303 0.61722 0.5 0 0.049519 -0.998773
2.41481 1.14328 -4.17926 0.700553 0.416667 0.478782 0.32792 -0.814393
2.53609 -0.317423 -4.43348 0.700553 0.5 0.500101 0.051056 -0.864461
0 1.16905 -4.8258 0.61722 0.416667 0 0.332102 -0.943243
2.41481 1.14328 -4.17926 0.700553 0.416667 0.478782 0.32792 -0.814393
4.39264 -0.317423 -2.57693 0.783886 0.5 0.865456 0.055391 -0.497914
2.53609 -0.317423 -4.43348 0.700553 0.5 0.500101 0.051056 -0.864461
4.18258 1.07286 -2.4129 0.783886 0.416667 0.827715 0.316724 -0.463221
4.39264 -0.317423 -2.57693 0.783886 0.5 0.865456 0.055391 -0.497914
2.41481 1.14328 -4.17926 0.700553 0.416667 0.478782 0.32792 -0.814393
4.18258 1.07286 -2.4129 0.783886 0.416667 0.827715 0.316724 -0.463221
5.07219 -0.317423 -0.040837 0.86722 0.5 0.998095 0.061671 0.001784
4.39264 -0.317423 -2.57693 0.783886 0.5 0.865456 0.055391 -0.497914
4.82963 0.976672 -0 0.86722 0.416667 0.953186 0.302042 0.014373
5.07219 -0.317423 -0.040837 0.86722 0.5 0.998095 0.061671 0.001784
4.18258 1.07286 -2.4129 0.783886 0.416667 0.827715 0.316724 -0.463221
4.82963 0.976672 -0 0.86722 0.416667 0.953186 0.302042 0.014373
4.39264 -0.317423 2.49526 0.950553 0.5 0.863208 0.068435 0.500189
5.07219 -0.317423 -0.040837 0.86722 0.5 0.998095 0.061671 0.001784
4.18258 0.880481 2.4129 0.950553 0.416667 0.823109 0.288186 0.489326
4.39264 -0.317423 2.49526 0.950553 0.5 0.863208 0.068435 0.500189
4.82963 0.976672 -0 0.86722 0.416667 0.953186 0.302042 0.014373
3.75 1.88143 2.30169 -0.049447 0.333333 0.713244 0.534616 0.453287
2.41481 0.810064 4.17926 0.033886 0.416667 0.474155 0.278661 0.83518
4.18258 0.880481 2.4129 -0.049447 0.416667 0.823109 0.288186 0.489326
2.16506 1.74819 3.88102 0.033886 0.333333 0.411101 0.514059 0.752821
2.41481 0.810064 4.17926 0.033886 0.416667 0.474155 0.278661 0.83518
3.75 1.88143 2.30169 -0.049447 0.333333 0.713244 0.534616 0.453287
2.16506 1.74819 3.88102 0.033886 0.333333 0.411101 0.514059 0.752821
0 0.78429 4.8258 0.11722 0.416667 0 0.275321 0.961352
2.41481 0.810064 4.17926 0.033886 0.416667 0.474155 0.278661 0.83518
0 1.69942 4.45909 0.11722 0.333333 0 0.506598 0.862182
0 0.78429 4.8258 0.11722 0.416667 0 0.275321 0.961352
2.16506 1.74819 3.88102 0.033886 0.333333 0.411101 0.514059 0.752821
0 0.78429 4.8258 0.11722 0.416667 0 0.275321 0.961352
-2.16506 1.74819 3.88102 0.200553 0.333333 -0.411101 0.514059 0.752821
-2.41481 0.810064 4.17926 0.200553 0.416667 -0.474155 0.278661 0.83518
0 1.69942 4.45909 0.11722 0.333333 0 0.506598 0.862182
-2.16506 1.74819 3.88102 0.200553 0.333333 -0.411101 0.514059 0.752821
0 0.78429 4.8258 0.11722 0.416667 0 0.275321 0.961352
-2.41481 0.810064 4.17926 0.200553 0.416667 -0.474155 0.278661 0.83518
-3.75 1.88143 2.30169 0.283886 0.333333 -0.713244 0.534616 0.453287
-4.18258 0.880481 2.4129 0.283886 0.416667 -0.823109 0.288186 0.489326
-2.16506 1.74819 3.88102 0.200553 0.333333 -0.411101 0.514059 0.752821
-3.75 1.88143 2.30169 0.283886 0.333333 -0.713244 0.534616 0.453287
-2.41481 0.810064 4.17926 0.200553 0.416667 -0.474155 0.278661 0.83518
-4.18258 0.880481 2.4129 0.283886 0.416667 -0.823109 0.288186 0.489326
-4.33013 2.06345 0.14429 0.36722 0.333333 -0.825323 0.563059 0.042497
-4.82963 0.976672 -0 0.36722 0.416667 -0.953186 0.302042 0.014373
-3.75 1.88143 2.30169 0.283886 0.333333 -0.713244 0.534616 0.453287
-4.33013 2.06345 0.14429 0.36722 0.333333 -0.825323 0.563059 0.042497
-4.18258 0.880481 2.4129 0.283886 0.416667 -0.823109 0.288186 0.489326
-4.82963 0.976672 -0 0.36722 0.416667 -0.953186 0.302042 0.014373
-3.75 2.24546 -2.01311 0.450553 0.333333 -0.716133 0.591855 -0.369948
-4.18258 1.07286 -2.4129 0.450553 0.416667 -0.827715 0.316724 -0.463221
-4.33013 2.06345 0.14429 0.36722 0.333333 -0.825323 0.563059 0.042497
-3.75 2.24546 -2.01311 0.450553 0.333333 -0.716133 0.591855 -0.369948
-4.82963 0.976672 -0 0.36722 0.416667 -0.953186 0.302042 0.014373
-4.18258 1.07286 -2.4129 0.450553 0.416667 -0.827715 0.316724 -0.463221
-2.16506 2.37871 -3.59243 0.533886 0.333333 -0.414005 0.613123 -0.672815
-2.41481 1.14328 -4.17926 0.533886 0.416667 -0.478782 0.32792 -0.814393
-3.75 2.24546 -2.01311 0.450553 0.333333 -0.716133 0.591855 -0.369948
-2.16506 2.37871 -3.59243 0.533886 0.333333 -0.414005 0.613123 -0.672815
-4.18258 1.07286 -2.4129 0.450553 0.416667 -0.827715 0.316724 -0.463221
-2.41481 1.14328 -4.17926 0.533886 0.416667 -0.478782 0.32792 -0.814393
0 2.42748 -4.17051 0.61722 0.333333 -0 0.620943 -0.783856
0 1.16905 -4.8258 0.61722 0.416667 0 0.332102 -0.943243
-2.16506 2.37871 -3.59243 0.533886 0.333333 -0.414005 0.613123 -0.672815
0 2.42748 -4.17051 0.61722 0.333333 -0 0.620943 -0.783856
-2.41481 1.14328 -4.17926 0.533886 0.416667 -0.478782 0.32792 -0.814393
0 2.42748 -4.17051 0.61722 0.333333 -0 0.620943 -0.783856
2.41481 1.14328 -4.17926 0.700553 0.416667 0.478782 0.32792 -0.814393
0 1.16905 -4.8258 0.61722 0.416667 0 0.332102 -0.943243
2.16506 2.37871 -3.59243 0.700553 0.333333 0.414005 0.613123 -0.672815
2.41481 1.14328 -4.17926 0.700553 0.416667 0.478782 0.32792 -0.814393
0 2.42748 -4.17051 0.61722 0.333333 -0 0.620943 -0.783856
2.16506 2.37871 -3.59243 0.700553 0.333333 0.414005 0.613123 -0.672815
4.18258 1.07286 -2.4129 0.783886 0.416667 0.827715 0.316724 -0.463221
2.41481 1.14328 -4.17926 0.700553 0.416667 0.478782 0.32792 -0.814393
3.75 2.24546 -2.01311 0.783886 0.333333 0.716133 0.591855 -0.369948
4.18258 1.07286 -2.4129 0.783886 0.416667 0.827715 0.316724 -0.463221
2.16506 2.37871 -3.59243 0.700553 0.333333 0.414005 0.613123 -0.672815
3.75 2.24546 -2.01311 0.783886 0.333333 0.716133 0.591855 -0.369948
4.82963 0.976672 -0 0.86722 0.416667 0.953186 0.302042 0.014373
4.18258 1.07286 -2.4129 0.783886 0.416667 0.827715 0.316724 -0.463221
4.33013 2.06345 0.14429 0.86722 0.333333 0.825323 0.563059 0.042497
4.82963 0.976672 -0 0.86722 0.416667 0.953186 0.302042 0.014373
3.75 2.24546 -2.01311 0.783886 0.333333 0.716133 0.591855 -0.369948
4.33013 2.06345 0.14429 0.86722 0.333333 0.825323 0.563059 0.042497
4.18258 0.880481 2.4129 0.950553 0.416667 0.823109 0.288186 0.489326
4.82963 0.976672 -0 0.86722 0.416667 0.953186 0.302042 0.014373
3.75 1.88143 2.30169 0.950553 0.333333 0.713244 0.534616 0.453287
4.18258 0.880481 2.4129 0.950553 0.416667 0.823109 0.288186 0.489326
4.33013 2.06345 0.14429 0.86722 0.333333 0.825323 0.563059 0.042497
3.06186 2.73187 1.97473 -0.049447 0.25 0.530613 0.761764 0.371706
2.16506 1.74819 3.88102 0.033886 0.333333 0.411101 0.514059 0.752821
3.75 1.88143 2.30169 -0.049447 0.333333 0.713244 0.534616 0.453287
1.76777 2.62308 3.26425 0.033886 0.25 0.30635 0.74291 0.595176
2.16506 1.74819 3.88102 0.033886 0.333333 0.411101 0.514059 0.752821
3.06186 2.73187 1.97473 -0.049447 0.25 0.530613 0.761764 0.371706
1.76777 2.62308 3.26425 0.033886 0.25 0.30635 0.74291 0.595176
0 1.69942 4.45909 0.11722 0.333333 0 0.506598 0.862182
2.16506 1.74819 3.88102 0.033886 0.333333 0.411101 0.514059 0.752821
0 2.58325 3.73624 0.11722 0.25 0 0.736009 0.676971
0 1.69942 4.45909 0.11722 0.333333 0 0.506598 0.862182
1.76777 2.62308 3.26425 0.033886 0.25 0.30635 0.74291 0.595176
0 2.58325 3.73624 0.11722 0.25 0 0.736009 0.676971
-2.16506 1.74819 3.88102 0.200553 0.333333 -0.411101 0.514059 0.752821
0 1.69942 4.45909 0.11722 0.333333 0 0.506598 0.862182
-1.76777 2.62308 3.26425 0.200553 0.25 -0.30635 0.74291 0.595176
-2.16506 1.74819 3.88102 0.200553 0.333333 -0.411101 0.514059 0.752821
0 2.58325 3.73624 0.11722 0.25 0 0.736009 0.676971
-1.76777 2.62308 3.26425 0.200553 0.25 -0.30635 0.74291 0.595176
-3.75 1.88143 2.30169 0.283886 0.333333 -0.713244 0.534616 0.453287
-2.16506 1.74819 3.88102 0.200553 0.333333 -0.411101 0.514059 0.752821
-3.06186 2.73187 1.97473 0.283886 0.25 -0.530613 0.761764 0.371706
-3.75 1.88143 2.30169 0.283886 0.333333 -0.713244 0.534616 0.453287
-1.76777 2.62308 3.26425 0.200553 0.25 -0.30635 0.74291 0.595176
-3.06186 2.73187 1.97473 0.283886 0.25 -0.530613 0.761764 0.371706
-4.33013 2.06345 0.14429 0.36722 0.333333 -0.825323 0.563059 0.042497
-3.75 1.88143 2.30169 0.283886 0.333333 -0.713244 0.534616 0.453287
-3.53553 2.88048 0.213222 0.36722 0.25 -0.612699 0.787519 0.066441
-4.33013 2.06345 0.14429 0.36722 0.333333 -0.825323 0.563059 0.042497
-3.06186 2.73187 1.97473 0.283886 0.25 -0.530613 0.761764 0.371706
-3.53553 2.88048 0.213222 0.36722 0.25 -0.612699 0.787519 0.066441
-3.75 2.24546 -2.01311 0.450553 0.333333 -0.716133 0.591855 -0.369948
-4.33013 2.06345 0.14429 0.36722 0.333333 -0.825323 0.563059 0.042497
-3.06186 3.0291 -1.54829 0.450553 0.25 -0.530613 0.813273 -0.238824
-3.75 2.24546 -2.01311 0.450553 0.333333 -0.716133 0.591855 -0.369948
-3.53553 2.88048 0.213222 0.36722 0.25 -0.612699 0.787519 0.066441
-3.06186 3.0291 -1.54829 0.450553 0.25 -0.530613 0.813273 -0.238824
-2.16506 2.37871 -3.59243 0.533886 0.333333 -0.414005 0.613123 -0.672815
-3.75 2.24546 -2.01311 0.450553 0.333333 -0.716133 0.591855 -0.369948
-1.76777 3.13789 -2.8378 0.533886 0.25 -0.30635 0.832127 -0.462293
-2.16506 2.37871 -3.59243 0.533886 0.333333 -0.414005 0.613123 -0.672815
-3.06186 3.0291 -1.54829 0.450553 0.25 -0.530613 0.813273 -0.238824
-1.76777 3.13789 -2.8378 0.533886 0.25 -0.30635 0.832127 -0.462293
0 2.42748 -4.17051 0.61722 0.333333 -0 0.620943 -0.783856
-2.16506 2.37871 -3.59243 0.533886 0.333333 -0.414005 0.613123 -0.672815
0 3.17771 -3.3098 0.61722 0.25 0 0.839028 -0.544089
0 2.42748 -4.17051 0.61722 0.333333 -0 0.620943 -0.783856
-1.76777 3.13789 -2.8378 0.533886 0.25 -0.30635 0.832127 -0.462293
0 3.17771 -3.3098 0.61722 0.25 0 0.839028 -0.544089
2.16506 2.37871 -3.59243 0.700553 0.333333 0.414005 0.613123 -0.672815
0 2.42748 -4.17051 0.61722 0.333333 -0 0.620943 -0.783856
1.76777 3.13789 -2.8378 0.700553 0.25 0.30635 0.832127 -0.462293
2.16506 2.37871 -3.59243 0.700553 0.333333 0.414005 0.613123 -0.672815
0 3.17771 -3.3098 0.61722 0.25 0 0.839028 -0.544089
1.76777 3.13789 -2.8378 0.700553 0.25 0.30635 0.832127 -0.462293
3.75 2.24546 -2.01311 0.783886 0.333333 0.716133 0.591855 -0.369948
2.16506 2.37871 -3.59243 0.700553 0.333333 0.414005 0.613123 -0.672815
3.06186 3.0291 -1.54829 0.783886 0.25 0.530613 0.813273 -0.238824
3.75 2.24546 -2.01311 0.783886 0.333333 0.716133 0.591855 -0.369948
1.76777 3.13789 -2.8378 0.700553 0.25 0.30635 0.832127 -0.462293
3.06186 3.0291 -1.54829 0.783886 0.25 0.530613 0.813273 -0.238824
4.33013 2.06345 0.14429 0.86722 0.333333 0.825323 0.563059 0.042497
3.75 2.24546 -2.01311 0.783886 0.333333 0.716133 0.591855 -0.369948
3.53553 2.88048 0.213222 0.86722 0.25 0.612699 0.787518 0.066441
4.33013 2.06345 0.14429 0.86722 0.333333 0.825323 0.563059 0.042497
3.06186 3.0291 -1.54829 0.783886 0.25 0.530613 0.813273 -0.238824
3.53553 2.88048 0.213222 0.86722 0.25 0.612699 0.787518 0.066441
3.75 1.88143 2.30169 0.950553 0.333333 0.713244 0.534616 0.453287
4.33013 2.06345 0.14429 0.86722 0.333333 0.825323 0.563059 0.042497
3.06186 2.73187 1.97473 0.950553 0.25 0.530613 0.761764 0.371706
3.75 1.88143 2.30169 0.950553 0.333333 0.713244 0.534616 0.453287
3.53553 2.88048 0.213222 0.86722 0.25 0.612699 0.787518 0.066441
2.16506 3.36509 1.50855 -0.049447 0.166667 0.344327 0.8976 0.275232
1.76777 2.62308 3.26425 0.033886 0.25 0.30635 0.74291 0.595176
3.06186 2.73187 1.97473 -0.049447 0.25 0.530613 0.761764 0.371706
1.25 3.28816 2.42037 0.033886 0.166667 0.198797 0.885365 0.420247
1.76777 2.62308 3.26425 0.033886 0.25 0.30635 0.74291 0.595176
2.16506 3.36509 1.50855 -0.049447 0.166667 0.344327 0.8976 0.275232
1.25 3.28816 2.42037 0.033886 0.166667 0.198797 0.885365 0.420247
0 2.58325 3.73624 0.11722 0.25 0 0.736009 0.676971
1.76777 2.62308 3.26425 0.033886 0.25 0.30635 0.74291 0.595176
0 3.26 2.75412 0.11722 0.166667 0 0.880887 0.473326
0 2.58325 3.73624 0.11722 0.25 0 0.736009 0.676971
1.25 3.28816 2.42037 0.033886 0.166667 0.198797 0.885365 0.420247
0 3.26 2.75412 0.11722 0.166667 0 0.880887 0.473326
-1.76777 2.62308 3.26425 0.200553 0.25 -0.30635 0.74291 0.595176
0 2.58325 3.73624 0.11722 0.25 0 0.736009 0.676971
-1.25 3.28816 2.42037 0.200553 0.166667 -0.198797 0.885365 0.420247
-1.76777 2.62308 3.26425 0.200553 0.25 -0.30635 0.74291 0.595176
0 3.26 2.75412 0.11722 0.166667 0 0.880887 0.473326
-1.25 3.28816 2.42037 0.200553 0.166667 -0.198797 0.885365 0.420247
-3.06186 2.73187 1.97473 0.283886 0.25 -0.530613 0.761764 0.371706
-1.76777 2.62308 3.26425 0.200553 0.25 -0.30635 0.74291 0.595176
-2.16506 3.36509 1.50855 0.283886 0.166667 -0.344327 0.8976 0.275232
-3.06186 2.73187 1.97473 0.283886 0.25 -0.530613 0.761764 0.371706
-1.25 3.28816 2.42037 0.200553 0.166667 -0.198797 0.885365 0.420247
-2.16506 3.36509 1.50855 0.283886 0.166667 -0.344327 0.8976 0.275232
-3.53553 2.88048 0.213222 0.36722 0.25 -0.612699 0.787519 0.066441
-3.06186 2.73187 1.97473 0.283886 0.25 -0.530613 0.761764 0.371706
-2.5 3.47017 0.262973 0.36722 0.166667 -0.397595 0.914313 0.077139
-3.53553 2.88048 0.213222 0.36722 0.25 -0.612699 0.787519 0.066441
-2.16506 3.36509 1.50855 0.283886 0.166667 -0.344327 0.8976 0.275232
-2.5 3.47017 0.262973 0.36722 0.166667 -0.397595 0.914313 0.077139
-3.06186 3.0291 -1.54829 0.450553 0.25 -0.530613 0.813273 -0.238824
-3.53553 2.88048 0.213222 0.36722 0.25 -0.612699 0.787519 0.066441
-2.16506 3.57526 -0.982602 0.450553 0.166667 -0.344327 0.931026 -0.120955
-3.06186 3.0291 -1.54829 0.450553 0.25 -0.530613 0.813273 -0.238824
-2.5 3.47017 0.262973 0.36722 0.166667 -0.397595 0.914313 0.077139
-2.16506 3.57526 -0.982602 0.450553 0.166667 -0.344327 0.931026 -0.120955
-1.76777 3.13789 -2.8378 0.533886 0.25 -0.30635 0.832127 -0.462293
-3.06186 3.0291 -1.54829 0.450553 0.25 -0.530613 0.813273 -0.238824
-1.25 3.65219 -1.89443 0.533886 0.166667 -0.198797 0.94326 -0.26597
-1.76777 3.13789 -2.8378 0.533886 0.25 -0.30635 0.832127 -0.462293
-2.16506 3.57526 -0.982602 0.450553 0.166667 -0.344327 0.931026 -0.120955
-1.25 3.65219 -1.89443 0.533886 0.166667 -0.198797 0.94326 -0.26597
0 3.17771 -3.3098 0.61722 0.25 0 0.839028 -0.544089
-1.76777 3.13789 -2.8378 0.533886 0.25 -0.30635 0.832127 -0.462293
0 3.68035 -2.22818 0.61722 0.166667 -0 0.947738 -0.319049
0 3.17771 -3.3098 0.61722 0.25 0 0.839028 -0.544089
-1.25 3.65219 -1.89443 0.533886 0.166667 -0.198797 0.94326 -0.26597
0 3.68035 -2.22818 0.61722 0.166667 -0 0.947738 -0.319049
1.76777 3.13789 -2.8378 0.700553 0.25 0.30635 0.832127 -0.462293
0 3.17771 -3.3098 0.61722 0.25 0 0.839028 -0.544089
1.25 3.65219 -1.89443 0.700553 0.166667 0.198797 0.94326 -0.26597
1.76777 3.13789 -2.8378 0.700553 0.25 0.30635 0.832127 -0.462293
0 3.68035 -2.22818 0.61722 0.166667 -0 0.947738 -0.319049
1.25 3.65219 -1.89443 0.700553 0.166667 0.198797 0.94326 -0.26597
3.06186 3.0291 -1.54829 0.783886 0.25 0.530613 0.813273 -0.238824
1.76777 3.13789 -2.8378 0.700553 0.25 0.30635 0.832127 -0.462293
2.16506 3.57526 -0.982602 0.783886 0.166667 0.344327 0.931026 -0.120955
3.06186 3.0291 -1.54829 0.783886 0.25 0.530613 0.813273 -0.238824
1.25 3.65219 -1.89443 0.700553 0.166667 0.198797 0.94326 -0.26597
2.16506 3.57526 -0.982602 0.783886 0.166667 0.344327 0.931026 -0.120955
3.53553 2.88048 0.213222 0.86722 0.25 0.612699 0.787518 0.066441
3.06186 3.0291 -1.54829 0.783886 0.25 0.530613 0.813273 -0.238824
2.5 3.47017 0.262973 0.86722 0.166667 0.397595 0.914313 0.077139
3.53553 2.88048 0.213222 0.86722 0.25 0.612699 0.787518 0.066441
2.16506 3.57526 -0.982602 0.783886 0.166667 0.344327 0.931026 -0.120955
2.5 3.47017 0.262973 0.86722 0.166667 0.397595 0.914313 0.077139
3.06186 2.73187 1.97473 0.950553 0.25 0.530613 0.761764 0.371706
3.53553 2.88048 0.213222 0.86722 0.25 0.612699 0.787518 0.066441
2.16506 3.36509 1.50855 0.950553 0.166667 0.344327 0.8976 0.275232
3.06186 2.73187 1.97473 0.950553 0.25 0.530613 0.761764 0.371706
2.5 3.47017 0.262973 0.86722 0.166667 0.397595 0.914313 0.077139
1.12072 3.78647 0.939005 -0.049447 0.083333 0.170646 0.968641 0.180595
1.25 3.28816 2.42037 0.033886 0.166667 0.198797 0.885365 0.420247
2.16506 3.36509 1.50855 -0.049447 0.166667 0.344327 0.8976 0.275232
0.647048 3.74665 1.411 0.033886 0.083333 0.098523 0.962577 0.252463
1.25 3.28816 2.42037 0.033886 0.166667 0.198797 0.885365 0.420247
1.12072 3.78647 0.939005 -0.049447 0.083333 0.170646 0.968641 0.180595
0.647048 3.74665 1.411 0.033886 0.083333 0.098523 0.962577 0.252463
0 3.26 2.75412 0.11722 0.166667 0 0.880887 0.473326
1.25 3.28816 2.42037 0.033886 0.166667 0.198797 0.885365 0.420247
0 3.73208 1.58376 0.11722 0.083333 0 0.960358 0.278769
0 3.26 2.75412 0.11722 0.166667 0 0.880887 0.473326
0.647048 3.74665 1.411 0.033886 0.083333 0.098523 0.962577 0.252463
0 3.73208 1.58376 0.11722 0.083333 0 0.960358 0.278769
-1.25 3.28816 2.42037 0.200553 0.166667 -0.198797 0.885365 0.420247
0 3.26 2.75412 0.11722 0.166667 0 0.880887 0.473326
-0.647048 3.74665 1.411 0.200553 0.083333 -0.098523 0.962577 0.252464
-1.25 3.28816 2.42037 0.200553 0.166667 -0.198797 0.885365 0.420247
0 3.73208 1.58376 0.11722 0.083333 0 0.960358 0.278769
-0.647048 3.74665 1.411 0.200553 0.083333 -0.098523 0.962577 0.252464
-2.16506 3.36509 1.50855 0.283886 0.166667 -0.344327 0.8976 0.275232
-1.25 3.28816 2.42037 0.200553 0.166667 -0.198797 0.885365 0.420247
-1.12072 3.78647 0.939005 0.283886 0.083333 -0.170646 0.968641 0.180595
-2.16506 3.36509 1.50855 0.283886 0.166667 -0.344327 0.8976 0.275232
-0.647048 3.74665 1.411 0.200553 0.083333 -0.098523 0.962577 0.252464
-1.12072 3.78647 0.939005 0.283886 0.083333 -0.170646 0.968641 0.180595
-2.5 3.47017 0.262973 0.36722 0.166667 -0.397595 0.914313 0.077139
-2.16506 3.36509 1.50855 0.283886 0.166667 -0.344327 0.8976 0.275232
-1.2941 3.84087 0.294248 0.36722 0.083333 -0.197046 0.976924 0.08242
-2.5 3.47017 0.262973 0.36722 0.166667 -0.397595 0.914313 0.077139
-1.12072 3.78647 0.939005 0.283886 0.083333 -0.170646 0.968641 0.180595
-1.2941 3.84087 0.294248 0.36722 0.083333 -0.197046 0.976924 0.08242
-2.16506 3.57526 -0.982602 0.450553 0.166667 -0.344327 0.931026 -0.120955
-2.5 3.47017 0.262973 0.36722 0.166667 -0.397595 0.914313 0.077139
-1.12072 3.89527 -0.350509 0.450553 0.083333 -0.170646 0.985206 -0.015753
-2.16506 3.57526 -0.982602 0.450553 0.166667 -0.344327 0.931026 -0.120955
-1.2941 3.84087 0.294248 0.36722 0.083333 -0.197046 0.976924 0.08242
-1.12072 3.89527 -0.350509 0.450553 0.083333 -0.170646 0.985206 -0.015753
-1.25 3.65219 -1.89443 0.533886 0.166667 -0.198797 0.94326 -0.26597
-2.16506 3.57526 -0.982602 0.450553 0.166667 -0.344327 0.931026 -0.120955
-0.647048 3.93509 -0.822504 0.533886 0.083333 -0.098523 0.99127 -0.087621
-1.25 3.65219 -1.89443 0.533886 0.166667 -0.198797 0.94326 -0.26597
-1.12072 3.89527 -0.350509 0.450553 0.083333 -0.170646 0.985206 -0.015753
-0.647048 3.93509 -0.822504 0.533886 0.083333 -0.098523 0.99127 -0.087621
0 3.68035 -2.22818 0.61722 0.166667 -0 0.947738 -0.319049
-1.25 3.65219 -1.89443 0.533886 0.166667 -0.198797 0.94326 -0.26597
0 3.94966 -0.995266 0.61722 0.083333 -0 0.993489 -0.113927
0 3.68035 -2.22818 0.61722 0.166667 -0 0.947738 -0.319049
-0.647048 3.93509 -0.822504 0.533886 0.083333 -0.098523 0.99127 -0.087621
0 3.94966 -0.995266 0.61722 0.083333 -0 0.993489 -0.113927
1.25 3.65219 -1.89443 0.700553 0.166667 0.198797 0.94326 -0.26597
0 3.68035 -2.22818 0.61722 0.166667 -0 0.947738 -0.319049
0.647048 3.93509 -0.822504 0.700553 0.083333 0.098523 0.99127 -0.087621
1.25 3.65219 -1.89443 0.700553 0.166667 0.198797 0.94326 -0.26597
0 3.94966 -0.995266 0.61722 0.083333 -0 0.993489 -0.113927
0.647048 3.93509 -0.822504 0.700553 0.083333 0.098523 0.99127 -0.087621
2.16506 3.57526 -0.982602 0.783886 0.166667 0.344327 0.931026 -0.120955
1.25 3.65219 -1.89443 0.700553 0.166667 0.198797 0.94326 -0.26597
1.12072 3.89527 -0.350509 0.783886 0.083333 0.170646 0.985206 -0.015753
2.16506 3.57526 -0.982602 0.783886 0.166667 0.344327 0.931026 -0.120955
0.647048 3.93509 -0.822504 0.700553 0.083333 0.098523 0.99127 -0.087621
1.12072 3.89527 -0.350509 0.783886 0.083333 0.170646 0.985206 -0.015753
2.5 3.47017 0.262973 0.86722 0.166667 0.397595 0.914313 0.077139
2.16506 3.57526 -0.982602 0.783886 0.166667 0.344327 0.931026 -0.120955
1.2941 3.84087 0.294248 0.86722 0.083333 0.197046 0.976924 0.08242
2.5 3.47017 0.262973 0.86722 0.166667 0.397595 0.914313 0.077139
1.12072 3.89527 -0.350509 0.783886 0.083333 0.170646 0.985206 -0.015753
1.2941 3.84087 0.294248 0.86722 0.083333 0.197046 0.976924 0.08242
2.16506 3.36509 1.50855 0.950553 0.166667 0.344327 0.8976 0.275232
2.5 3.47017 0.262973 0.86722 0.166667 0.397595 0.914313 0.077139
1.12072 3.78647 0.939005 0.950553 0.083333 0.170646 0.968641 0.180595
2.16506 3.36509 1.50855 0.950553 0.166667 0.344327 0.8976 0.275232
1.2941 3.84087 0.294248 0.86722 0.083333 0.197046 0.976924 0.08242
0 -3.97616 -0 -0.00778 1 0 -1 0
1.47437 -3.92032 0.851227 -0.049447 0.916667 0.058675 -0.997702 0.033876
0.851227 -3.92032 1.47437 0.033886 0.916667 0.033876 -0.997702 0.058675
0 -3.97616 -0 0.075553 1 0 -1 0
0.851227 -3.92032 1.47437 0.033886 0.916667 0.033876 -0.997702 0.058675
0 -3.92032 1.70245 0.11722 0.916667 -0 -0.997702 0.067752
0 -3.97616 -0 0.158886 1 0 -1 0
0 -3.92032 1.70245 0.11722 0.916667 -0 -0.997702 0.067752
-0.851227 -3.92032 1.47437 0.200553 0.916667 -0.033876 -0.997702 0.058675
0 -3.97616 -0 0.24222 1 0 -1 0
-0.851227 -3.92032 1.47437 0.200553 0.916667 -0.033876 -0.997702 0.058675
-1.47437 -3.92032 0.851227 0.283886 0.916667 -0.058675 -0.997702 0.033876
0 -3.97616 -0 0.325553 1 0 -1 0
-1.47437 -3.92032 0.851227 0.283886 0.916667 -0.058675 -0.997702 0.033876
-1.70245 -3.92032 -0 0.36722 0.916667 -0.067752 -0.997702 0
0 -3.97616 -0 0.408886 1 0 -1 0
-1.70245 -3.92032 -0 0.36722 0.916667 -0.067752 -0.997702 0
-1.47437 -3.92032 -0.851227 0.450553 0.916667 -0.058675 -0.997702 -0.033876
0 -3.97616 -0 0.49222 1 0 -1 0
-1.47437 -3.92032 -0.851227 0.450553 0.916667 -0.058675 -0.997702 -0.033876
-0.851227 -3.92032 -1.47437 0.533886 0.916667 -0.033876 -0.997702 -0.058675
0 -3.97616 -0 0.575553 1 0 -1 0
-0.851227 -3.92032 -1.47437 0.533886 0.916667 -0.033876 -0.997702 -0.058675
0 -3.92032 -1.70245 0.61722 0.916667 0 -0.997702 -0.067752
0 -3.97616 -0 0.658886 1 0 -1 0
0 -3.92032 -1.70245 0.61722 0.916667 0 -0.997702 -0.067752
0.851227 -3.92032 -1.47437 0.700553 0.916667 0.033876 -0.997702 -0.058675
0 -3.97616 -0 0.74222 1 0 -1 0
0.851227 -3.92032 -1.47437 0.700553 0.916667 0.033876 -0.997702 -0.058675
1.47437 -3.92032 -0.851227 0.783886 0.916667 0.058675 -0.997702 -0.033876
0 -3.97616 -0 0.825553 1 0 -1 0
1.47437 -3.92032 -0.851227 0.783886 0.916667 0.058675 -0.997702 -0.033876
1.70245 -3.92032 -0 0.86722 0.916667 0.067752 -0.997702 -0
0 -3.97616 -0 0.908886 1 0 -1 0
1.70245 -3.92032 -0 0.86722 0.916667 0.067752 -0.997702 -0
1.47437 -3.92032 0.851227 0.950553 0.916667 0.058675 -0.997702 0.033876
0 3.96731 0.304915 -0.00778 0 0 0.99646 0.084069
0.647048 3.74665 1.411 0.033886 0.083333 0.098523 0.962577 0.252463
1.12072 3.78647 0.939005 -0.049447 0.083333 0.170646 0.968641 0.180595
0 3.96731 0.304915 0.075553 0 0 0.99646 0.084069
0 3.73208 1.58376 0.11722 0.083333 0 0.960358 0.278769
0.647048 3.74665 1.411 0.033886 0.083333 0.098523 0.962577 0.252463
0 3.96731 0.304915 0.158886 0 0 0.99646 0.084069
-0.647048 3.74665 1.411 0.200553 0.083333 -0.098523 0.962577 0.252464
0 3.73208 1.58376 0.11722 0.083333 0 0.960358 0.278769
0 3.96731 0.304915 0.24222 0 0 0.99646 0.084069
-1.12072 3.78647 0.939005 0.283886 0.083333 -0.170646 0.968641 0.180595
-0.647048 3.74665 1.411 0.200553 0.083333 -0.098523 0.962577 0.252464
0 3.96731 0.304915 0.325553 0 0 0.99646 0.084069
-1.2941 3.84087 0.294248 0.36722 0.083333 -0.197046 0.976924 0.08242
-1.12072 3.78647 0.939005 0.283886 0.083333 -0.170646 0.968641 0.180595
0 3.96731 0.304915 0.408886 0 0 0.99646 0.084069
-1.12072 3.89527 -0.350509 0.450553 0.083333 -0.170646 0.985206 -0.015753
-1.2941 3.84087 0.294248 0.36722 0.083333 -0.197046 0.976924 0.08242
0 3.96731 0.304915 0.49222 0 0 0.99646 0.084069
-0.647048 3.93509 -0.822504 0.533886 0.083333 -0.098523 0.99127 -0.087621
-1.12072 3.89527 -0.350509 0.450553 0.083333 -0.170646 0.985206 -0.015753
0 3.96731 0.304915 0.575553 0 0 0.99646 0.084069
0 3.94966 -0.995266 0.61722 0.083333 -0 0.993489 -0.113927
-0.647048 3.93509 -0.822504 0.533886 0.083333 -0.098523 0.99127 -0.087621
0 3.96731 0.304915 0.658886 0 0 0.99646 0.084069
0.647048 3.93509 -0.822504 0.700553 0.083333 0.098523 0.99127 -0.087621
0 3.94966 -0.995266 0.61722 0.083333 -0 0.993489 -0.113927
0 3.96731 0.304915 0.74222 0 0 0.99646 0.084069
1.12072 3.89527 -0.350509 0.783886 0.083333 0.170646 0.985206 -0.015753
0.647048 3.93509 -0.822504 0.700553 0.083333 0.098523 0.99127 -0.087621
0 3.96731 0.304915 0.825553 0 0 0.99646 0.084069
1.2941 3.84087 0.294248 0.86722 0.083333 0.197046 0.976924 0.08242
1.12072 3.89527 -0.350509 0.783886 0.083333 0.170646 0.985206 -0.015753
0 3.96731 0.304915 0.908886 0 0 0.99646 0.084069
1.12072 3.78647 0.939005 0.950553 0.083333 0.170646 0.968641 0.180595
1.2941 3.84087 0.294248 0.86722 0.083333 0.197046 0.976924 0.08242
