Vertex Count:912

Data:

3.32401 -3.78939 1.92594 -0.049447 0.833333 0.051261 -0.997369 0.051261
0.996422 -3.91894 1.73282 0.033886 0.916667 0.051261 -0.997369 0.051261
1.72585 -3.91894 1.00339 -0.049447 0.916667 0.051261 -0.997369 0.051261
1.91912 -3.78939 3.33083 0.033886 0.833333 0.051261 -0.997369 0.051261
0.996422 -3.91894 1.73282 0.033886 0.916667 0.051261 -0.997369 0.051261
3.32401 -3.78939 1.92594 -0.049447 0.833333 0.051261 -0.997369 0.051261
1.91912 -3.78939 3.33083 0.033886 0.833333 0.018763 -0.997369 0.070025
0 -3.91894 1.99981 0.11722 0.916667 0.018763 -0.997369 0.070025
0.996422 -3.91894 1.73282 0.033886 0.916667 0.018763 -0.997369 0.070025
0 -3.78939 3.84506 0.11722 0.833333 0.018763 -0.997369 0.070025
0 -3.91894 1.99981 0.11722 0.916667 0.018763 -0.997369 0.070025
1.91912 -3.78939 3.33083 0.033886 0.833333 0.018763 -0.997369 0.070025
0 -3.78939 3.84506 0.11722 0.833333 -0.018763 -0.997369 0.070025
-0.996422 -3.91894 1.73282 0.200553 0.916667 -0.018763 -0.997369 0.070025
0 -3.91894 1.99981 0.11722 0.916667 -0.018763 -0.997369 0.070025
-1.91912 -3.78939 3.33083 0.200553 0.833333 -0.018763 -0.997369 0.070025
-0.996422 -3.91894 1.73282 0.200553 0.916667 -0.018763 -0.997369 0.070025
0 -3.78939 3.84506 0.11722 0.833333 -0.018763 -0.997369 0.070025
-1.91912 -3.78939 3.33083 0.200553 0.833333 -0.051261 -0.997369 0.051261
-1.72585 -3.91894 1.00339 0.283886 0.916667 -0.051261 -0.997369 0.051261
-0.996422 -3.91894 1.73282 0.200553 0.916667 -0.051261 -0.997369 0.051261
-3.32401 -3.78939 1.92594 0.283886 0.833333 -0.051261 -0.997369 0.051261
-1.72585 -3.91894 1.00339 0.283886 0.916667 -0.051261 -0.997369 0.051261
-1.91912 -3.78939 3.33083 0.200553 0.833333 -0.051261 -0.997369 0.051261
-3.32401 -3.78939 1.92594 0.283886 0.833333 -0.070021 -0.997369 0.018762
-1.99285 -3.91894 0.006966 0.36722 0.916667 -0.070021 -0.997369 0.018762
-1.72585 -3.91894 1.00339 0.283886 0.916667 -0.070021 -0.997369 0.018762
-3.83824 -3.78939 0.006821 0.36722 0.833333 -0.070021 -0.997369 0.018762
-1.99285 -3.91894 0.006966 0.36722 0.916667 -0.070021 -0.997369 0.018762
-3.32401 -3.78939 1.92594 0.283886 0.833333 -0.070021 -0.997369 0.018762
-3.83824 -3.78939 0.006821 0.36722 0.833333 -0.070018 -0.997369 -0.018761
-1.72585 -3.91894 -0.989457 0.450553 0.916667 -0.070018 -0.997369 -0.018761
-1.99285 -3.91894 0.006966 0.36722 0.916667 -0.070018 -0.997369 -0.018761
-3.32401 -3.78939 -1.9123 0.450553 0.833333 -0.070018 -0.997369 -0.018761
-1.72585 -3.91894 -0.989457 0.450553 0.916667 -0.070018 -0.997369 -0.018761
-3.83824 -3.78939 0.006821 0.36722 0.833333 -0.070018 -0.997369 -0.018761
-3.32401 -3.78939 -1.9123 0.450553 0.833333 -0.051255 -0.997369 -0.051255
-0.996422 -3.91894 -1.71889 0.533886 0.916667 -0.051255 -0.997369 -0.051255
-1.72585 -3.91894 -0.989457 0.450553 0.916667 -0.051255 -0.997369 -0.051255
-1.91912 -3.78939 -3.31719 0.533886 0.833333 -0.051255 -0.99737 -0.051255
-0.996422 -3.91894 -1.71889 0.533886 0.916667 -0.051255 -0.997369 -0.051255
-3.32401 -3.78939 -1.9123 0.450553 0.833333 -0.051255 -0.997369 -0.051255
-1.91912 -3.78939 -3.31719 0.533886 0.833333 -0.01876 -0.99737 -0.070014
0 -3.91894 -1.98588 0.61722 0.916667 -0.01876 -0.99737 -0.070014
-0.996422 -3.91894 -1.71889 0.533886 0.916667 -0.01876 -0.99737 -0.070014
0 -3.78939 -3.83141 0.61722 0.833333 -0.01876 -0.99737 -0.070015
0 -3.91894 -1.98588 0.61722 0.916667 -0.01876 -0.99737 -0.070014
-1.91912 -3.78939 -3.31719 0.533886 0.833333 -0.01876 -0.99737 -0.070014
0 -3.78939 -3.83141 0.61722 0.833333 0.01876 -0.99737 -0.070014
0.996422 -3.91894 -1.71889 0.700553 0.916667 0.01876 -0.99737 -0.070014
0 -3.91894 -1.98588 0.61722 0.916667 0.01876 -0.99737 -0.070014
1.91912 -3.78939 -3.31719 0.700553 0.833333 0.01876 -0.99737 -0.070015
0.996422 -3.91894 -1.71889 0.700553 0.916667 0.01876 -0.99737 -0.070014
0 -3.78939 -3.83141 0.61722 0.833333 0.01876 -0.99737 -0.070014
1.91912 -3.78939 -3.31719 0.700553 0.833333 0.051255 -0.99737 -0.051255
1.72585 -3.91894 -0.989457 0.783886 0.916667 0.051255 -0.997369 -0.051255
0.996422 -3.91894 -1.71889 0.700553 0.916667 0.051255 -0.99737 -0.051255
3.32401 -3.78939 -1.9123 0.783886 0.833333 0.051255 -0.997369 -0.051255
1.72585 -3.91894 -0.989457 0.783886 0.916667 0.051255 -0.997369 -0.051255
1.91912 -3.78939 -3.31719 0.700553 0.833333 0.051255 -0.99737 -0.051255
3.32401 -3.78939 -1.9123 0.783886 0.833333 0.070018 -0.997369 -0.018761
1.99285 -3.91894 0.006966 0.86722 0.916667 0.070018 -0.997369 -0.018761
1.72585 -3.91894 -0.989457 0.783886 0.916667 0.070018 -0.997369 -0.018761
3.83824 -3.78939 0.006821 0.86722 0.833333 0.070018 -0.997369 -0.018761
1.99285 -3.91894 0.006966 0.86722 0.916667 0.070018 -0.997369 -0.018761
3.32401 -3.78939 -1.9123 0.783886 0.833333 0.070018 -0.997369 -0.018761
3.83824 -3.78939 0.006821 0.86722 0.833333 0.070021 -0.997369 0.018762
1.72585 -3.91894 1.00339 0.950553 0.916667 0.070021 -0.997369 0.018762
1.99285 -3.91894 0.006966 0.86722 0.916667 0.070021 -0.997369 0.018762
3.32401 -3.78939 1.92594 0.950553 0.833333 0.070021 -0.997369 0.018762
1.72585 -3.91894 1.00339 0.950553 0.916667 0.070021 -0.997369 0.018762
3.83824 -3.78939 0.006821 0.86722 0.833333 0.070021 -0.997369 0.018762
4.03042 -3.46463 2.33342 -0.049447 0.75 0.26954 -0.924498 0.26954
1.91912 -3.78939 3.33083 0.033886 0.833333 0.26954 -0.924498 0.26954
3.32401 -3.78939 1.92594 -0.049447 0.833333 0.26954 -0.924498 0.26954
2.32696 -3.46463 4.03687 0.033886 0.75 0.26954 -0.924498 0.26954
1.91912 -3.78939 3.33083 0.033886 0.833333 0.26954 -0.924498 0.26954
4.03042 -3.46463 2.33342 -0.049447 0.75 0.26954 -0.924498 0.26954
2.32696 -3.46463 4.03687 0.033886 0.75 0.098669 -0.924482 0.368236
0 -3.78939 3.84506 0.11722 0.833333 0.098669 -0.924482 0.368236
1.91912 -3.78939 3.33083 0.033886 0.833333 0.098669 -0.924482 0.368237
0 -3.46463 4.66038 0.11722 0.75 0.098669 -0.924482 0.368236
0 -3.78939 3.84506 0.11722 0.833333 0.098669 -0.924482 0.368236
2.32696 -3.46463 4.03687 0.033886 0.75 0.098669 -0.924482 0.368236
0 -3.46463 4.66038 0.11722 0.75 -0.098669 -0.924482 0.368236
-1.91912 -3.78939 3.33083 0.200553 0.833333 -0.098669 -0.924482 0.368237
0 -3.78939 3.84506 0.11722 0.833333 -0.098669 -0.924482 0.368236
-2.32696 -3.46463 4.03687 0.200553 0.75 -0.098668 -0.924482 0.368237
-1.91912 -3.78939 3.33083 0.200553 0.833333 -0.098669 -0.924482 0.368237
0 -3.46463 4.66038 0.11722 0.75 -0.098669 -0.924482 0.368236
-2.32696 -3.46463 4.03687 0.200553 0.75 -0.26954 -0.924498 0.26954
-3.32401 -3.78939 1.92594 0.283886 0.833333 -0.26954 -0.924498 0.26954
-1.91912 -3.78939 3.33083 0.200553 0.833333 -0.26954 -0.924498 0.26954
-4.03042 -3.46463 2.33342 0.283886 0.75 -0.26954 -0.924498 0.26954
-3.32401 -3.78939 1.92594 0.283886 0.833333 -0.26954 -0.924498 0.26954
-2.32696 -3.46463 4.03687 0.200553 0.75 -0.26954 -0.924498 0.26954
-4.03042 -3.46463 2.33342 0.283886 0.75 -0.368134 -0.924525 0.098641
-3.83824 -3.78939 0.006821 0.36722 0.833333 -0.368134 -0.924526 0.098641
-3.32401 -3.78939 1.92594 0.283886 0.833333 -0.368134 -0.924525 0.098641
-4.65392 -3.46463 0.006459 0.36722 0.75 -0.368134 -0.924526 0.098641
-3.83824 -3.78939 0.006821 0.36722 0.833333 -0.368134 -0.924526 0.098641
-4.03042 -3.46463 2.33342 0.283886 0.75 -0.368134 -0.924525 0.098641
-4.65392 -3.46463 0.006459 0.36722 0.75 -0.368059 -0.924558 -0.098621
-3.32401 -3.78939 -1.9123 0.450553 0.833333 -0.368059 -0.924558 -0.098621
-3.83824 -3.78939 0.006821 0.36722 0.833333 -0.368058 -0.924558 -0.098621
-4.03042 -3.46463 -2.3205 0.450553 0.75 -0.368059 -0.924558 -0.098621
-3.32401 -3.78939 -1.9123 0.450553 0.833333 -0.368059 -0.924558 -0.098621
-4.65392 -3.46463 0.006459 0.36722 0.75 -0.368059 -0.924558 -0.098621
-4.03042 -3.46463 -2.3205 0.450553 0.75 -0.26939 -0.924585 -0.26939
-1.91912 -3.78939 -3.31719 0.533886 0.833333 -0.26939 -0.924585 -0.26939
-3.32401 -3.78939 -1.9123 0.450553 0.833333 -0.26939 -0.924585 -0.26939
-2.32696 -3.46463 -4.02396 0.533886 0.75 -0.26939 -0.924585 -0.26939
-1.91912 -3.78939 -3.31719 0.533886 0.833333 -0.26939 -0.924585 -0.26939
-4.03042 -3.46463 -2.3205 0.450553 0.75 -0.26939 -0.924585 -0.26939
-2.32696 -3.46463 -4.02396 0.533886 0.75 -0.098594 -0.924601 -0.367957
0 -3.78939 -3.83141 0.61722 0.833333 -0.098594 -0.924601 -0.367957
-1.91912 -3.78939 -3.31719 0.533886 0.833333 -0.098593 -0.924601 -0.367957
0 -3.46463 -4.64747 0.61722 0.75 -0.098594 -0.924601 -0.367956
0 -3.78939 -3.83141 0.61722 0.833333 -0.098594 -0.924601 -0.367957
-2.32696 -3.46463 -4.02396 0.533886 0.75 -0.098594 -0.924601 -0.367957
0 -3.46463 -4.64747 0.61722 0.75 0.098594 -0.924601 -0.367957
1.91912 -3.78939 -3.31719 0.700553 0.833333 0.098594 -0.924601 -0.367957
0 -3.78939 -3.83141 0.61722 0.833333 0.098594 -0.924601 -0.367956
2.32696 -3.46463 -4.02396 0.700553 0.75 0.098594 -0.924601 -0.367957
1.91912 -3.78939 -3.31719 0.700553 0.833333 0.098594 -0.924601 -0.367957
0 -3.46463 -4.64747 0.61722 0.75 0.098594 -0.924601 -0.367957
2.32696 -3.46463 -4.02396 0.700553 0.75 0.26939 -0.924585 -0.26939
3.32401 -3.78939 -1.9123 0.783886 0.833333 0.26939 -0.924585 -0.26939
1.91912 -3.78939 -3.31719 0.700553 0.833333 0.26939 -0.924586 -0.26939
4.03042 -3.46463 -2.3205 0.783886 0.75 0.26939 -0.924585 -0.26939
3.32401 -3.78939 -1.9123 0.783886 0.833333 0.26939 -0.924585 -0.26939
2.32696 -3.46463 -4.02396 0.700553 0.75 0.26939 -0.924585 -0.26939
4.03042 -3.46463 -2.3205 0.783886 0.75 0.368059 -0.924558 -0.098621
3.83824 -3.78939 0.006821 0.86722 0.833333 0.368059 -0.924558 -0.098621
3.32401 -3.78939 -1.9123 0.783886 0.833333 0.368058 -0.924558 -0.098621
4.65392 -3.46463 0.006459 0.86722 0.75 0.368059 -0.924558 -0.098621
3.83824 -3.78939 0.006821 0.86722 0.833333 0.368059 -0.924558 -0.098621
4.03042 -3.46463 -2.3205 0.783886 0.75 0.368059 -0.924558 -0.098621
4.65392 -3.46463 0.006459 0.86722 0.75 0.368134 -0.924526 0.098641
3.32401 -3.78939 1.92594 0.950553 0.833333 0.368134 -0.924525 0.098641
3.83824 -3.78939 0.006821 0.86722 0.833333 0.368134 -0.924526 0.098641
4.03042 -3.46463 2.33342 0.950553 0.75 0.368134 -0.924525 0.098641
3.32401 -3.78939 1.92594 0.950553 0.833333 0.368134 -0.924525 0.098641
4.65392 -3.46463 0.006459 0.86722 0.75 0.368134 -0.924526 0.098641
4.55935 -2.83853 2.6381 -0.049447 0.666667 0.514837 -0.685483 0.514836
2.32696 -3.46463 4.03687 0.033886 0.75 0.514837 -0.685483 0.514836
4.03042 -3.46463 2.33342 -0.049447 0.75 0.514837 -0.685483 0.514836
2.63234 -2.83853 4.56511 0.033886 0.666667 0.514836 -0.685483 0.514836
2.32696 -3.46463 4.03687 0.033886 0.75 0.514837 -0.685483 0.514836
4.55935 -2.83853 2.6381 -0.049447 0.666667 0.514837 -0.685483 0.514836
2.63234 -2.83853 4.56511 0.033886 0.666667 0.18847 -0.685371 0.703381
0 -3.46463 4.66038 0.11722 0.75 0.18847 -0.685371 0.703381
2.32696 -3.46463 4.03687 0.033886 0.75 0.18847 -0.685371 0.703381
0 -2.83853 5.27045 0.11722 0.666667 0.18847 -0.685372 0.703381
0 -3.46463 4.66038 0.11722 0.75 0.18847 -0.685371 0.703381
2.63234 -2.83853 4.56511 0.033886 0.666667 0.18847 -0.685371 0.703381
0 -2.83853 5.27045 0.11722 0.666667 -0.18847 -0.685371 0.703381
-2.32696 -3.46463 4.03687 0.200553 0.75 -0.18847 -0.685371 0.703381
0 -3.46463 4.66038 0.11722 0.75 -0.18847 -0.685371 0.703381
-2.63234 -2.83853 4.56511 0.200553 0.666667 -0.188471 -0.685371 0.703381
-2.32696 -3.46463 4.03687 0.200553 0.75 -0.18847 -0.685371 0.703381
0 -2.83853 5.27045 0.11722 0.666667 -0.18847 -0.685371 0.703381
-2.63234 -2.83853 4.56511 0.200553 0.666667 -0.514837 -0.685483 0.514836
-4.03042 -3.46463 2.33342 0.283886 0.75 -0.514836 -0.685483 0.514836
-2.32696 -3.46463 4.03687 0.200553 0.75 -0.514837 -0.685483 0.514836
-4.55935 -2.83853 2.6381 0.283886 0.666667 -0.514836 -0.685483 0.514836
-4.03042 -3.46463 2.33342 0.283886 0.75 -0.514836 -0.685483 0.514836
-2.63234 -2.83853 4.56511 0.200553 0.666667 -0.514837 -0.685483 0.514836
-4.55935 -2.83853 2.6381 0.283886 0.666667 -0.703104 -0.685676 0.188396
-4.65392 -3.46463 0.006459 0.36722 0.75 -0.703104 -0.685677 0.188396
-4.03042 -3.46463 2.33342 0.283886 0.75 -0.703104 -0.685676 0.188396
-5.26469 -2.83853 0.00576 0.36722 0.666667 -0.703103 -0.685677 0.188396
-4.65392 -3.46463 0.006459 0.36722 0.75 -0.703104 -0.685677 0.188396
-4.55935 -2.83853 2.6381 0.283886 0.666667 -0.703104 -0.685676 0.188396
-5.26469 -2.83853 0.00576 0.36722 0.666667 -0.702901 -0.685899 -0.188342
-4.03042 -3.46463 -2.3205 0.450553 0.75 -0.702901 -0.685899 -0.188342
-4.65392 -3.46463 0.006459 0.36722 0.75 -0.702901 -0.685899 -0.188342
-4.55935 -2.83853 -2.62658 0.450553 0.666667 -0.702901 -0.685899 -0.188342
-4.03042 -3.46463 -2.3205 0.450553 0.75 -0.702901 -0.685899 -0.188342
-5.26469 -2.83853 0.00576 0.36722 0.666667 -0.702901 -0.685899 -0.188342
-4.55935 -2.83853 -2.62658 0.450553 0.666667 -0.514431 -0.686091 -0.514431
-2.32696 -3.46463 -4.02396 0.533886 0.75 -0.514431 -0.686091 -0.514431
-4.03042 -3.46463 -2.3205 0.450553 0.75 -0.514431 -0.686092 -0.514431
-2.63234 -2.83853 -4.55359 0.533886 0.666667 -0.514431 -0.686091 -0.514431
-2.32696 -3.46463 -4.02396 0.533886 0.75 -0.514431 -0.686091 -0.514431
-4.55935 -2.83853 -2.62658 0.450553 0.666667 -0.514431 -0.686091 -0.514431
-2.63234 -2.83853 -4.55359 0.533886 0.666667 -0.188268 -0.686202 -0.702625
0 -3.46463 -4.64747 0.61722 0.75 -0.188268 -0.686203 -0.702625
-2.32696 -3.46463 -4.02396 0.533886 0.75 -0.188268 -0.686202 -0.702625
0 -2.83853 -5.25893 0.61722 0.666667 -0.188268 -0.686203 -0.702624
0 -3.46463 -4.64747 0.61722 0.75 -0.188268 -0.686203 -0.702625
-2.63234 -2.83853 -4.55359 0.533886 0.666667 -0.188268 -0.686202 -0.702625
0 -2.83853 -5.25893 0.61722 0.666667 0.188267 -0.686203 -0.702625
2.32696 -3.46463 -4.02396 0.700553 0.75 0.188268 -0.686202 -0.702625
0 -3.46463 -4.64747 0.61722 0.75 0.188267 -0.686203 -0.702624
2.63234 -2.83853 -4.55359 0.700553 0.666667 0.188268 -0.686202 -0.702625
2.32696 -3.46463 -4.02396 0.700553 0.75 0.188268 -0.686202 -0.702625
0 -2.83853 -5.25893 0.61722 0.666667 0.188267 -0.686203 -0.702625
2.63234 -2.83853 -4.55359 0.700553 0.666667 0.514431 -0.686091 -0.514431
4.03042 -3.46463 -2.3205 0.783886 0.75 0.514431 -0.686091 -0.514431
2.32696 -3.46463 -4.02396 0.700553 0.75 0.514432 -0.686091 -0.514431
4.55935 -2.83853 -2.62658 0.783886 0.666667 0.514431 -0.686091 -0.514431
4.03042 -3.46463 -2.3205 0.783886 0.75 0.514431 -0.686091 -0.514431
2.63234 -2.83853 -4.55359 0.700553 0.666667 0.514431 -0.686091 -0.514431
4.55935 -2.83853 -2.62658 0.783886 0.666667 0.702901 -0.685899 -0.188342
4.65392 -3.46463 0.006459 0.86722 0.75 0.702901 -0.685899 -0.188342
4.03042 -3.46463 -2.3205 0.783886 0.75 0.702901 -0.685899 -0.188342
5.26469 -2.83853 0.00576 0.86722 0.666667 0.702901 -0.685899 -0.188342
4.65392 -3.46463 0.006459 0.86722 0.75 0.702901 -0.685899 -0.188342
4.55935 -2.83853 -2.62658 0.783886 0.666667 0.702901 -0.685899 -0.188342
5.26469 -2.83853 0.00576 0.86722 0.666667 0.703104 -0.685676 0.188396
4.03042 -3.46463 2.33342 0.950553 0.75 0.703104 -0.685676 0.188396
4.65392 -3.46463 0.006459 0.86722 0.75 0.703103 -0.685677 0.188396
4.55935 -2.83853 2.6381 0.950553 0.666667 0.703104 -0.685676 0.188396
4.03042 -3.46463 2.33342 0.950553 0.75 0.703104 -0.685676 0.188396
5.26469 -2.83853 0.00576 0.86722 0.666667 0.703104 -0.685676 0.188396
4.84458 -2.09188 2.80194 -0.049447 0.583333 0.650706 -0.391362 0.650706
2.63234 -2.83853 4.56511 0.033886 0.666667 0.650706 -0.391362 0.650706
4.55935 -2.83853 2.6381 -0.049447 0.666667 0.650706 -0.391362 0.650706
2.79702 -2.09188 4.8495 0.033886 0.583333 0.650706 -0.391362 0.650706
2.63234 -2.83853 4.56511 0.033886 0.666667 0.650706 -0.391362 0.650706
4.84458 -2.09188 2.80194 -0.049447 0.583333 0.650706 -0.391362 0.650706
2.79702 -2.09188 4.8495 0.033886 0.583333 0.238199 -0.391137 0.888973
0 -2.83853 5.27045 0.11722 0.666667 0.238199 -0.391137 0.888973
2.63234 -2.83853 4.56511 0.033886 0.666667 0.238199 -0.391137 0.888973
0 -2.09188 5.59896 0.11722 0.583333 0.238199 -0.391137 0.888973
0 -2.83853 5.27045 0.11722 0.666667 0.238199 -0.391137 0.888973
2.79702 -2.09188 4.8495 0.033886 0.583333 0.238199 -0.391137 0.888973
0 -2.09188 5.59896 0.11722 0.583333 -0.238199 -0.391137 0.888973
-2.63234 -2.83853 4.56511 0.200553 0.666667 -0.238199 -0.391137 0.888973
0 -2.83853 5.27045 0.11722 0.666667 -0.238199 -0.391137 0.888973
-2.79702 -2.09188 4.8495 0.200553 0.583333 -0.238199 -0.391137 0.888973
-2.63234 -2.83853 4.56511 0.200553 0.666667 -0.238199 -0.391137 0.888973
0 -2.09188 5.59896 0.11722 0.583333 -0.238199 -0.391137 0.888973
-2.79702 -2.09188 4.8495 0.200553 0.583333 -0.650706 -0.391362 0.650706
-4.55935 -2.83853 2.6381 0.283886 0.666667 -0.650706 -0.391362 0.650706
-2.63234 -2.83853 4.56511 0.200553 0.666667 -0.650706 -0.391362 0.650706
-4.84458 -2.09188 2.80194 0.283886 0.583333 -0.650706 -0.391362 0.650706
-4.55935 -2.83853 2.6381 0.283886 0.666667 -0.650706 -0.391362 0.650706
-2.79702 -2.09188 4.8495 0.200553 0.583333 -0.650706 -0.391362 0.650706
-4.84458 -2.09188 2.80194 0.283886 0.583333 -0.888721 -0.391751 0.238132
-5.26469 -2.83853 0.00576 0.36722 0.666667 -0.88872 -0.391752 0.238132
-4.55935 -2.83853 2.6381 0.283886 0.666667 -0.888721 -0.39175 0.238132
-5.59404 -2.09188 0.004927 0.36722 0.583333 -0.88872 -0.391753 0.238132
-5.26469 -2.83853 0.00576 0.36722 0.666667 -0.88872 -0.391752 0.238132
-4.84458 -2.09188 2.80194 0.283886 0.583333 -0.888721 -0.391751 0.238132
-5.59404 -2.09188 0.004927 0.36722 0.583333 -0.888536 -0.3922 -0.238082
-4.55935 -2.83853 -2.62658 0.450553 0.666667 -0.888535 -0.392202 -0.238082
-5.26469 -2.83853 0.00576 0.36722 0.666667 -0.888536 -0.3922 -0.238082
-4.84458 -2.09188 -2.79209 0.450553 0.583333 -0.888535 -0.392203 -0.238082
-4.55935 -2.83853 -2.62658 0.450553 0.666667 -0.888535 -0.392202 -0.238082
-5.59404 -2.09188 0.004927 0.36722 0.583333 -0.888536 -0.3922 -0.238082
-4.84458 -2.09188 -2.79209 0.450553 0.583333 -0.650336 -0.392591 -0.650336
-2.63234 -2.83853 -4.55359 0.533886 0.666667 -0.650335 -0.392591 -0.650336
-4.55935 -2.83853 -2.62658 0.450553 0.666667 -0.650336 -0.392591 -0.650335
-2.79702 -2.09188 -4.83965 0.533886 0.583333 -0.650335 -0.392591 -0.650336
-2.63234 -2.83853 -4.55359 0.533886 0.666667 -0.650335 -0.392591 -0.650336
-4.84458 -2.09188 -2.79209 0.450553 0.583333 -0.650336 -0.392591 -0.650336
-2.79702 -2.09188 -4.83965 0.533886 0.583333 -0.238014 -0.392816 -0.888282
0 -2.83853 -5.25893 0.61722 0.666667 -0.238014 -0.392815 -0.888282
-2.63234 -2.83853 -4.55359 0.533886 0.666667 -0.238014 -0.392816 -0.888282
0 -2.09188 -5.58911 0.61722 0.583333 -0.238014 -0.392815 -0.888282
0 -2.83853 -5.25893 0.61722 0.666667 -0.238014 -0.392815 -0.888282
-2.79702 -2.09188 -4.83965 0.533886 0.583333 -0.238014 -0.392816 -0.888282
0 -2.09188 -5.58911 0.61722 0.583333 0.238014 -0.392816 -0.888282
2.63234 -2.83853 -4.55359 0.700553 0.666667 0.238014 -0.392816 -0.888282
0 -2.83853 -5.25893 0.61722 0.666667 0.238015 -0.392816 -0.888282
2.79702 -2.09188 -4.83965 0.700553 0.583333 0.238014 -0.392816 -0.888282
2.63234 -2.83853 -4.55359 0.700553 0.666667 0.238014 -0.392816 -0.888282
0 -2.09188 -5.58911 0.61722 0.583333 0.238014 -0.392816 -0.888282
2.79702 -2.09188 -4.83965 0.700553 0.583333 0.650335 -0.392591 -0.650336
4.55935 -2.83853 -2.62658 0.783886 0.666667 0.650336 -0.392591 -0.650336
2.63234 -2.83853 -4.55359 0.700553 0.666667 0.650335 -0.392591 -0.650336
4.84458 -2.09188 -2.79209 0.783886 0.583333 0.650336 -0.39259 -0.650336
4.55935 -2.83853 -2.62658 0.783886 0.666667 0.650336 -0.392591 -0.650336
2.79702 -2.09188 -4.83965 0.700553 0.583333 0.650335 -0.392591 -0.650336
4.84458 -2.09188 -2.79209 0.783886 0.583333 0.888536 -0.392201 -0.238082
5.26469 -2.83853 0.00576 0.86722 0.666667 0.888535 -0.392202 -0.238082
4.55935 -2.83853 -2.62658 0.783886 0.666667 0.888536 -0.3922 -0.238082
5.59404 -2.09188 0.004927 0.86722 0.583333 0.888535 -0.392202 -0.238082
5.26469 -2.83853 0.00576 0.86722 0.666667 0.888535 -0.392202 -0.238082
4.84458 -2.09188 -2.79209 0.783886 0.583333 0.888536 -0.392201 -0.238082
5.59404 -2.09188 0.004927 0.86722 0.583333 0.888721 -0.391751 0.238132
4.55935 -2.83853 2.6381 0.950553 0.666667 0.88872 -0.391752 0.238132
5.26469 -2.83853 0.00576 0.86722 0.666667 0.888721 -0.391751 0.238132
4.84458 -2.09188 2.80194 0.950553 0.583333 0.88872 -0.391753 0.238132
4.55935 -2.83853 2.6381 0.950553 0.666667 0.88872 -0.391752 0.238132
5.59404 -2.09188 0.004927 0.86722 0.583333 0.888721 -0.391751 0.238132
2.77109 -1.06781 4.75882 0.033886 0.5 0.704826 0.080261 0.704826
2.79702 -2.09188 4.8495 0.033886 0.583333 0.704826 0.080261 0.704826
4.79966 -1.06781 2.73025 -0.049447 0.5 0.704826 0.080261 0.704825
0 -1.06781 5.50133 0.11722 0.5 0.257728 0.091699 0.961856
0 -2.09188 5.59896 0.11722 0.583333 0.257728 0.091699 0.961856
2.77109 -1.06781 4.75882 0.033886 0.5 0.257729 0.091699 0.961856
0 -1.06781 5.50133 0.11722 0.5 -0.257728 0.091699 0.961856
-2.79702 -2.09188 4.8495 0.200553 0.583333 -0.257729 0.091699 0.961856
0 -2.09188 5.59896 0.11722 0.583333 -0.257728 0.091699 0.961856
-2.77109 -1.06781 4.75882 0.200553 0.5 -0.257729 0.091699 0.961856
-2.79702 -2.09188 4.8495 0.200553 0.583333 -0.257729 0.091699 0.961856
0 -1.06781 5.50133 0.11722 0.5 -0.257728 0.091699 0.961856
-2.77109 -1.06781 4.75882 0.200553 0.5 -0.704826 0.080261 0.704826
-4.84458 -2.09188 2.80194 0.283886 0.583333 -0.704826 0.080262 0.704826
-2.79702 -2.09188 4.8495 0.200553 0.583333 -0.704826 0.080261 0.704826
-4.79966 -1.06781 2.73025 0.283886 0.5 -0.704826 0.080262 0.704825
-4.84458 -2.09188 2.80194 0.283886 0.583333 -0.704826 0.080262 0.704826
-2.77109 -1.06781 4.75882 0.200553 0.5 -0.704826 0.080261 0.704826
-4.79966 -1.06781 2.73025 0.283886 0.5 -0.964164 0.060379 0.258347
-5.59404 -2.09188 0.004927 0.36722 0.583333 -0.964164 0.060378 0.258347
-4.84458 -2.09188 2.80194 0.283886 0.583333 -0.964164 0.060379 0.258347
-5.54217 -1.06781 -0.040837 0.36722 0.5 -0.964164 0.060378 0.258347
-5.59404 -2.09188 0.004927 0.36722 0.583333 -0.964164 0.060378 0.258347
-4.79966 -1.06781 2.73025 0.283886 0.5 -0.964164 0.060379 0.258347
-5.54217 -1.06781 -0.040837 0.36722 0.5 -0.965253 0.03733 -0.258639
-4.84458 -2.09188 -2.79209 0.450553 0.583333 -0.965253 0.037331 -0.258639
-5.59404 -2.09188 0.004927 0.36722 0.583333 -0.965253 0.03733 -0.258639
-4.79966 -1.06781 -2.81192 0.450553 0.5 -0.965253 0.037331 -0.258639
-4.84458 -2.09188 -2.79209 0.450553 0.583333 -0.965253 0.037331 -0.258639
-5.54217 -1.06781 -0.040837 0.36722 0.5 -0.965253 0.03733 -0.258639
-4.79966 -1.06781 -2.81192 0.450553 0.5 -0.707001 0.01732 -0.707001
-2.79702 -2.09188 -4.83965 0.533886 0.583333 -0.707001 0.017321 -0.707001
-4.84458 -2.09188 -2.79209 0.450553 0.583333 -0.707001 0.01732 -0.707001
-2.77109 -1.06781 -4.8405 0.533886 0.5 -0.707001 0.017321 -0.707001
-2.79702 -2.09188 -4.83965 0.533886 0.583333 -0.707001 0.017321 -0.707001
-4.79966 -1.06781 -2.81192 0.450553 0.5 -0.707001 0.01732 -0.707001
-2.77109 -1.06781 -4.8405 0.533886 0.5 -0.258815 0.005757 -0.96591
0 -2.09188 -5.58911 0.61722 0.583333 -0.258815 0.005757 -0.96591
-2.79702 -2.09188 -4.83965 0.533886 0.583333 -0.258815 0.005757 -0.96591
0 -1.06781 -5.58301 0.61722 0.5 -0.258815 0.005757 -0.96591
0 -2.09188 -5.58911 0.61722 0.583333 -0.258815 0.005757 -0.96591
-2.77109 -1.06781 -4.8405 0.533886 0.5 -0.258815 0.005757 -0.96591
2.77109 -1.06781 -4.8405 0.700553 0.5 0.258815 0.005757 -0.96591
2.79702 -2.09188 -4.83965 0.700553 0.583333 0.258815 0.005757 -0.96591
0 -1.06781 -5.58301 0.61722 0.5 0.258815 0.005757 -0.96591
4.79966 -1.06781 -2.81192 0.783886 0.5 0.707001 0.017321 -0.707001
4.84458 -2.09188 -2.79209 0.783886 0.583333 0.707001 0.017321 -0.707001
2.77109 -1.06781 -4.8405 0.700553 0.5 0.707001 0.01732 -0.707001
5.54217 -1.06781 -0.040837 0.86722 0.5 0.965253 0.03733 -0.258639
5.59404 -2.09188 0.004927 0.86722 0.583333 0.965253 0.03733 -0.258639
4.79966 -1.06781 -2.81192 0.783886 0.5 0.965253 0.037331 -0.258639
4.79966 -1.06781 2.73025 0.950553 0.5 0.964164 0.060378 0.258347
4.84458 -2.09188 2.80194 0.950553 0.583333 0.964164 0.060378 0.258347
5.54217 -1.06781 -0.040837 0.86722 0.5 0.964164 0.060378 0.258347
4.46178 -0.119851 2.57669 -0.049447 0.416667 0.6626 0.346605 0.663948
2.77109 -1.06781 4.75882 0.033886 0.5 0.658458 0.354222 0.664048
4.79966 -1.06781 2.73025 -0.049447 0.5 0.663906 0.344178 0.663906
2.57969 -0.175575 4.46739 0.033886 0.416667 0.656523 0.357742 0.664078
2.77109 -1.06781 4.75882 0.033886 0.5 0.658458 0.354222 0.664048
4.46178 -0.119851 2.57669 -0.049447 0.416667 0.6626 0.346605 0.663948
2.57969 -0.175575 4.46739 0.033886 0.416667 0.242223 0.348809 0.905351
0 -1.06781 5.50133 0.11722 0.5 0.240825 0.351897 0.904528
2.77109 -1.06781 4.75882 0.033886 0.5 0.242656 0.347851 0.905604
0 -0.195971 5.16078 0.11722 0.416667 0.240241 0.353185 0.904182
0 -1.06781 5.50133 0.11722 0.5 0.240825 0.351897 0.904528
2.57969 -0.175575 4.46739 0.033886 0.416667 0.242223 0.348809 0.905351
-2.57969 -0.175575 4.46739 0.200553 0.416667 -0.24082 0.347643 0.906173
-2.77109 -1.06781 4.75882 0.200553 0.5 -0.241129 0.348883 0.905614
0 -0.195971 5.16078 0.11722 0.416667 -0.241903 0.351992 0.904204
-4.46178 -0.119851 2.57669 0.283886 0.416667 -0.660496 0.343563 0.667615
-4.79966 -1.06781 2.73025 0.283886 0.5 -0.66049 0.346757 0.665967
-2.57969 -0.175575 4.46739 0.200553 0.416667 -0.660441 0.354519 0.661917
-5.14198 -0.04373 0.002641 0.36722 0.416667 -0.90551 0.34327 0.249432
-5.54217 -1.06781 -0.040837 0.36722 0.5 -0.904467 0.347388 0.247511
-4.46178 -0.119851 2.57669 0.283886 0.416667 -0.902097 0.356439 0.243255
-4.44438 0.03239 -2.56137 0.450553 0.416667 -0.907545 0.346951 -0.236617
-4.79966 -1.06781 -2.81192 0.450553 0.5 -0.905709 0.350896 -0.237829
-5.14198 -0.04373 0.002641 0.36722 0.416667 -0.902131 0.358456 -0.240144
-2.56229 0.088114 -4.432 0.533886 0.416667 -0.664853 0.35278 -0.658421
-2.77109 -1.06781 -4.8405 0.533886 0.5 -0.663198 0.355604 -0.65857
-4.44438 0.03239 -2.56137 0.450553 0.416667 -0.660402 0.360342 -0.658804
0 0.10851 -5.11535 0.61722 0.416667 -0.243238 0.358342 -0.901347
0 -1.06781 -5.58301 0.61722 0.5 -0.242657 0.359377 -0.901092
-2.56229 0.088114 -4.432 0.533886 0.416667 -0.241767 0.360957 -0.900699
0 0.10851 -5.11535 0.61722 0.416667 0.241923 0.359308 -0.901316
2.77109 -1.06781 -4.8405 0.700553 0.5 0.24251 0.360876 -0.900532
0 -1.06781 -5.58301 0.61722 0.5 0.241617 0.358492 -0.901724
2.56229 0.088114 -4.432 0.700553 0.416667 0.242907 0.361936 -0.899999
2.77109 -1.06781 -4.8405 0.700553 0.5 0.24251 0.360876 -0.900532
0 0.10851 -5.11535 0.61722 0.416667 0.241923 0.359308 -0.901316
2.56229 0.088114 -4.432 0.700553 0.416667 0.661676 0.355448 -0.660183
4.79966 -1.06781 -2.81192 0.783886 0.5 0.662007 0.360086 -0.657332
2.77109 -1.06781 -4.8405 0.700553 0.5 0.661514 0.353269 -0.661514
4.44438 0.03239 -2.56137 0.783886 0.416667 0.662213 0.363112 -0.655457
4.79966 -1.06781 -2.81192 0.783886 0.5 0.662007 0.360086 -0.657332
2.56229 0.088114 -4.432 0.700553 0.416667 0.661676 0.355448 -0.660183
4.44438 0.03239 -2.56137 0.783886 0.416667 0.904929 0.350714 -0.241046
5.54217 -1.06781 -0.040837 0.86722 0.5 0.903106 0.358065 -0.237044
4.79966 -1.06781 -2.81192 0.783886 0.5 0.905651 0.347718 -0.242669
5.14198 -0.04373 0.002641 0.86722 0.416667 0.901984 0.362445 -0.234644
5.54217 -1.06781 -0.040837 0.86722 0.5 0.903106 0.358065 -0.237044
4.44438 0.03239 -2.56137 0.783886 0.416667 0.904929 0.350714 -0.241046
5.14198 -0.04373 0.002641 0.86722 0.416667 0.905488 0.347212 0.243999
4.79966 -1.06781 2.73025 0.950553 0.5 0.901303 0.356022 0.246782
5.54217 -1.06781 -0.040837 0.86722 0.5 0.906939 0.344102 0.243014
4.46178 -0.119851 2.57669 0.950553 0.416667 0.899056 0.360659 0.248241
4.79966 -1.06781 2.73025 0.950553 0.5 0.901303 0.356022 0.246782
5.14198 -0.04373 0.002641 0.86722 0.416667 0.905488 0.347212 0.243999
3.91915 0.672247 2.40736 -0.049447 0.333333 0.587626 0.538661 0.603772
2.57969 -0.175575 4.46739 0.033886 0.416667 0.575776 0.553192 0.602047
4.46178 -0.119851 2.57669 -0.049447 0.416667 0.591203 0.534186 0.604256
2.26896 0.566805 4.06922 0.033886 0.333333 0.569481 0.560733 0.601057
2.57969 -0.175575 4.46739 0.033886 0.416667 0.575776 0.553192 0.602047
3.91915 0.672247 2.40736 -0.049447 0.333333 0.587626 0.538661 0.603772
2.26896 0.566805 4.06922 0.033886 0.333333 0.215149 0.531986 0.818964
0 -0.195971 5.16078 0.11722 0.416667 0.211624 0.53808 0.815895
2.57969 -0.175575 4.46739 0.033886 0.416667 0.216174 0.530204 0.819849
0 0.52821 4.67978 0.11722 0.333333 0.209956 0.540946 0.81443
0 -0.195971 5.16078 0.11722 0.416667 0.211624 0.53808 0.815895
2.26896 0.566805 4.06922 0.033886 0.333333 0.215149 0.531986 0.818964
-2.26896 0.566805 4.06922 0.200553 0.333333 -0.212049 0.52935 0.821476
-2.57969 -0.175575 4.46739 0.200553 0.416667 -0.21267 0.53224 0.819446
0 0.52821 4.67978 0.11722 0.333333 -0.214003 0.538459 0.815025
-3.91915 0.672247 2.40736 0.283886 0.333333 -0.584061 0.531305 0.613668
-4.46178 -0.119851 2.57669 0.283886 0.416667 -0.582731 0.539052 0.60815
-2.26896 0.566805 4.06922 0.200553 0.333333 -0.5799 0.554454 0.596906
-4.5084 0.816284 0.151912 0.36722 0.333333 -0.800506 0.547364 0.244094
-5.14198 -0.04373 0.002641 0.36722 0.416667 -0.795169 0.557586 0.238337
-3.91915 0.672247 2.40736 0.283886 0.333333 -0.785606 0.575081 0.228265
-3.88963 0.960321 -2.08655 0.450553 0.333333 -0.799278 0.572057 -0.184133
-4.44438 0.03239 -2.56137 0.450553 0.416667 -0.79155 0.58186 -0.186783
-4.5084 0.816284 0.151912 0.36722 0.333333 -0.780115 0.595906 -0.190571
-2.23944 1.06576 -3.71445 0.533886 0.333333 -0.582327 0.597166 -0.551622
-2.56229 0.088114 -4.432 0.533886 0.416667 -0.576112 0.604042 -0.550662
-3.88963 0.960321 -2.08655 0.450553 0.333333 -0.568366 0.612462 -0.549409
0 1.10436 -4.30802 0.61722 0.333333 -0.21183 0.615455 -0.759173
0 0.10851 -5.11535 0.61722 0.416667 -0.209895 0.617881 -0.757738
-2.23944 1.06576 -3.71445 0.533886 0.333333 -0.207731 0.620584 -0.756124
0 1.10436 -4.30802 0.61722 0.333333 0.208278 0.617652 -0.758371
2.56229 0.088114 -4.432 0.700553 0.416667 0.20944 0.62028 -0.755902
0 0.10851 -5.11535 0.61722 0.416667 0.207562 0.616031 -0.759884
2.23944 1.06576 -3.71445 0.700553 0.333333 0.210491 0.622657 -0.753652
2.56229 0.088114 -4.432 0.700553 0.416667 0.20944 0.62028 -0.755902
0 1.10436 -4.30802 0.61722 0.333333 0.208278 0.617652 -0.758371
2.23944 1.06576 -3.71445 0.700553 0.333333 0.572869 0.603606 -0.55451
4.44438 0.03239 -2.56137 0.783886 0.416667 0.572319 0.611432 -0.546445
2.56229 0.088114 -4.432 0.700553 0.416667 0.573133 0.599392 -0.558792
3.88963 0.960321 -2.08655 0.783886 0.333333 0.5718 0.617959 -0.539604
4.44438 0.03239 -2.56137 0.783886 0.416667 0.572319 0.611432 -0.546445
2.23944 1.06576 -3.71445 0.700553 0.333333 0.572869 0.603606 -0.55451
3.88963 0.960321 -2.08655 0.783886 0.333333 0.790067 0.581463 -0.194151
5.14198 -0.04373 0.002641 0.86722 0.416667 0.782998 0.59426 -0.183763
4.44438 0.03239 -2.56137 0.783886 0.416667 0.793084 0.575798 -0.198681
4.5084 0.816284 0.151912 0.86722 0.333333 0.777676 0.603486 -0.176139
5.14198 -0.04373 0.002641 0.86722 0.416667 0.782998 0.59426 -0.183763
3.88963 0.960321 -2.08655 0.783886 0.333333 0.790067 0.581463 -0.194151
4.5084 0.816284 0.151912 0.86722 0.333333 0.797727 0.557238 0.230471
4.46178 -0.119851 2.57669 0.950553 0.416667 0.784498 0.573297 0.236417
5.14198 -0.04373 0.002641 0.86722 0.416667 0.802347 0.551458 0.228328
3.91915 0.672247 2.40736 0.950553 0.333333 0.776182 0.583038 0.240017
4.46178 -0.119851 2.57669 0.950553 0.416667 0.784498 0.573297 0.236417
4.5084 0.816284 0.151912 0.86722 0.333333 0.797727 0.557238 0.230471
3.14367 1.34524 2.02858 -0.049447 0.25 0.431024 0.765987 0.476951
2.26896 0.566805 4.06922 0.033886 0.333333 0.43023 0.766519 0.476814
3.91915 0.672247 2.40736 -0.049447 0.333333 0.43148 0.765681 0.47703
1.81915 1.25914 3.36032 0.033886 0.25 0.429415 0.767063 0.476672
2.26896 0.566805 4.06922 0.033886 0.333333 0.43023 0.766519 0.476814
3.14367 1.34524 2.02858 -0.049447 0.25 0.431024 0.765987 0.476951
1.81915 1.25914 3.36032 0.033886 0.25 0.158335 0.754874 0.636471
0 0.52821 4.67978 0.11722 0.333333 0.158114 0.755081 0.636281
2.26896 0.566805 4.06922 0.033886 0.333333 0.15846 0.754757 0.636579
0 1.22763 3.84929 0.11722 0.25 0.157889 0.755291 0.636087
0 0.52821 4.67978 0.11722 0.333333 0.158114 0.755081 0.636281
1.81915 1.25914 3.36032 0.033886 0.25 0.158335 0.754874 0.636471
0 1.22763 3.84929 0.11722 0.25 -0.158258 0.755118 0.6362
-2.26896 0.566805 4.06922 0.200553 0.333333 -0.15817 0.754906 0.636474
0 0.52821 4.67978 0.11722 0.333333 -0.158308 0.755239 0.636044
-1.81915 1.25914 3.36032 0.200553 0.25 -0.158079 0.754689 0.636754
-2.26896 0.566805 4.06922 0.200553 0.333333 -0.15817 0.754906 0.636474
0 1.22763 3.84929 0.11722 0.25 -0.158258 0.755118 0.6362
-1.81915 1.25914 3.36032 0.200553 0.25 -0.430454 0.766633 0.476428
-3.91915 0.672247 2.40736 0.283886 0.333333 -0.430637 0.76606 0.477184
-2.26896 0.566805 4.06922 0.200553 0.333333 -0.430347 0.766967 0.475987
-3.14367 1.34524 2.02858 0.283886 0.25 -0.430828 0.76546 0.477973
-3.91915 0.672247 2.40736 0.283886 0.333333 -0.430637 0.76606 0.477184
-1.81915 1.25914 3.36032 0.200553 0.25 -0.430454 0.766633 0.476428
-3.14367 1.34524 2.02858 0.283886 0.25 -0.583938 0.785977 0.203115
-4.5084 0.816284 0.151912 0.36722 0.333333 -0.584685 0.785226 0.20387
-3.91915 0.672247 2.40736 0.283886 0.333333 -0.583492 0.786425 0.202664
-3.61863 1.46284 0.219193 0.36722 0.25 -0.58548 0.784425 0.204674
-4.5084 0.816284 0.151912 0.36722 0.333333 -0.584685 0.785226 0.20387
-3.14367 1.34524 2.02858 0.283886 0.25 -0.583938 0.785977 0.203115
-3.61863 1.46284 0.219193 0.36722 0.25 -0.57967 0.807676 -0.107896
-3.88963 0.960321 -2.08655 0.450553 0.333333 -0.580698 0.806974 -0.107622
-4.5084 0.816284 0.151912 0.36722 0.333333 -0.57904 0.808106 -0.108064
-3.12398 1.58045 -1.57887 0.450553 0.25 -0.581814 0.80621 -0.107325
-3.88963 0.960321 -2.08655 0.450553 0.333333 -0.580698 0.806974 -0.107622
-3.61863 1.46284 0.219193 0.36722 0.25 -0.57967 0.807676 -0.107896
-3.12398 1.58045 -1.57887 0.450553 0.25 -0.421917 0.825981 -0.373821
-2.23944 1.06576 -3.71445 0.533886 0.333333 -0.422674 0.825504 -0.374019
-3.88963 0.960321 -2.08655 0.450553 0.333333 -0.421445 0.826278 -0.373697
-1.79947 1.66654 -2.88797 0.533886 0.25 -0.423506 0.824978 -0.374237
-2.23944 1.06576 -3.71445 0.533886 0.333333 -0.422674 0.825504 -0.374019
-3.12398 1.58045 -1.57887 0.450553 0.25 -0.421917 0.825981 -0.373821
-1.79947 1.66654 -2.88797 0.533886 0.25 -0.153987 0.836296 -0.526209
0 1.10436 -4.30802 0.61722 0.333333 -0.154196 0.836132 -0.526409
-2.23944 1.06576 -3.71445 0.533886 0.333333 -0.153857 0.836399 -0.526085
0 1.69805 -3.36561 0.61722 0.25 -0.154426 0.835952 -0.526629
0 1.10436 -4.30802 0.61722 0.333333 -0.154196 0.836132 -0.526409
-1.79947 1.66654 -2.88797 0.533886 0.25 -0.153987 0.836296 -0.526209
0 1.69805 -3.36561 0.61722 0.25 0.154058 0.836107 -0.52649
2.23944 1.06576 -3.71445 0.700553 0.333333 0.154146 0.836265 -0.526213
0 1.10436 -4.30802 0.61722 0.333333 0.154003 0.836007 -0.526664
1.79947 1.66654 -2.88797 0.700553 0.25 0.154243 0.836439 -0.525908
2.23944 1.06576 -3.71445 0.700553 0.333333 0.154146 0.836265 -0.526213
0 1.69805 -3.36561 0.61722 0.25 0.154058 0.836107 -0.52649
1.79947 1.66654 -2.88797 0.700553 0.25 0.422454 0.825443 -0.374401
3.88963 0.960321 -2.08655 0.783886 0.333333 0.422299 0.82588 -0.373611
2.23944 1.06576 -3.71445 0.700553 0.333333 0.42255 0.825173 -0.374888
3.12398 1.58045 -1.57887 0.783886 0.25 0.422131 0.826353 -0.372755
3.88963 0.960321 -2.08655 0.783886 0.333333 0.422299 0.82588 -0.373611
1.79947 1.66654 -2.88797 0.700553 0.25 0.422454 0.825443 -0.374401
3.12398 1.58045 -1.57887 0.783886 0.25 0.580693 0.806896 -0.10823
4.5084 0.816284 0.151912 0.86722 0.333333 0.57998 0.807522 -0.107383
3.88963 0.960321 -2.08655 0.783886 0.333333 0.581124 0.806517 -0.108742
3.61863 1.46284 0.219193 0.86722 0.25 0.579219 0.808188 -0.106481
4.5084 0.816284 0.151912 0.86722 0.333333 0.57998 0.807522 -0.107383
3.12398 1.58045 -1.57887 0.783886 0.25 0.580693 0.806896 -0.10823
3.61863 1.46284 0.219193 0.86722 0.25 0.584983 0.785143 0.203334
3.91915 0.672247 2.40736 0.950553 0.333333 0.583945 0.785816 0.20372
4.5084 0.816284 0.151912 0.86722 0.333333 0.585595 0.784746 0.203107
3.14367 1.34524 2.02858 0.950553 0.25 0.58286 0.786517 0.204122
3.91915 0.672247 2.40736 0.950553 0.333333 0.583945 0.785816 0.20372
3.61863 1.46284 0.219193 0.86722 0.25 0.584983 0.785143 0.203334
2.19326 1.84633 1.52873 -0.049447 0.166667 0.288677 0.89301 0.345251
1.81915 1.25914 3.36032 0.033886 0.25 0.288377 0.893118 0.345224
3.14367 1.34524 2.02858 -0.049447 0.25 0.289143 0.892843 0.345292
1.26836 1.78545 2.45652 0.033886 0.166667 0.287408 0.893464 0.345137
1.81915 1.25914 3.36032 0.033886 0.25 0.288377 0.893118 0.345224
2.19326 1.84633 1.52873 -0.049447 0.166667 0.288677 0.89301 0.345251
1.26836 1.78545 2.45652 0.033886 0.166667 0.105835 0.886089 0.451272
0 1.22763 3.84929 0.11722 0.25 0.105744 0.886133 0.451206
1.81915 1.25914 3.36032 0.033886 0.25 0.105975 0.886021 0.451372
0 1.76317 2.79687 0.11722 0.166667 0.105452 0.886274 0.450996
0 1.22763 3.84929 0.11722 0.25 0.105744 0.886133 0.451206
1.26836 1.78545 2.45652 0.033886 0.166667 0.105835 0.886089 0.451272
0 1.76317 2.79687 0.11722 0.166667 -0.105797 0.886164 0.451133
-1.81915 1.25914 3.36032 0.200553 0.25 -0.105752 0.886117 0.451235
0 1.22763 3.84929 0.11722 0.25 -0.105865 0.886235 0.450977
-1.26836 1.78545 2.45652 0.200553 0.166667 -0.105609 0.885967 0.451563
-1.81915 1.25914 3.36032 0.200553 0.25 -0.105752 0.886117 0.451235
0 1.76317 2.79687 0.11722 0.166667 -0.105797 0.886164 0.451133
-1.26836 1.78545 2.45652 0.200553 0.166667 -0.288398 0.893203 0.344985
-3.14367 1.34524 2.02858 0.283886 0.25 -0.288436 0.893078 0.345278
-1.81915 1.25914 3.36032 0.200553 0.25 -0.28834 0.893397 0.34453
-2.19326 1.84633 1.52873 0.283886 0.166667 -0.288557 0.89267 0.346231
-3.14367 1.34524 2.02858 0.283886 0.25 -0.288436 0.893078 0.345278
-1.26836 1.78545 2.45652 0.200553 0.166667 -0.288398 0.893203 0.344985
-2.19326 1.84633 1.52873 0.283886 0.166667 -0.392673 0.905242 0.162313
-3.61863 1.46284 0.219193 0.36722 0.25 -0.392908 0.905086 0.162614
-3.14367 1.34524 2.02858 0.283886 0.25 -0.392299 0.90549 0.161833
-2.52688 1.92949 0.266239 0.36722 0.166667 -0.39369 0.904565 0.163617
-3.61863 1.46284 0.219193 0.36722 0.25 -0.392908 0.905086 0.162614
-2.19326 1.84633 1.52873 0.283886 0.166667 -0.392673 0.905242 0.162313
-2.52688 1.92949 0.266239 0.36722 0.166667 -0.391409 0.919006 -0.047184
-3.12398 1.58045 -1.57887 0.450553 0.25 -0.391744 0.918871 -0.04705
-3.61863 1.46284 0.219193 0.36722 0.25 -0.390864 0.919227 -0.047402
-2.18342 2.01265 -0.990586 0.450553 0.166667 -0.392879 0.918409 -0.046595
-3.12398 1.58045 -1.57887 0.450553 0.25 -0.391744 0.918871 -0.04705
-2.52688 1.92949 0.266239 0.36722 0.166667 -0.391409 0.919006 -0.047184
-2.18342 2.01265 -0.990586 0.450553 0.166667 -0.285864 0.930838 -0.227644
-1.79947 1.66654 -2.88797 0.533886 0.25 -0.286112 0.930753 -0.227679
-3.12398 1.58045 -1.57887 0.450553 0.25 -0.285452 0.930979 -0.227587
-1.25852 2.07353 -1.90706 0.533886 0.166667 -0.286965 0.930462 -0.227799
-1.79947 1.66654 -2.88797 0.533886 0.25 -0.286112 0.930753 -0.227679
-2.18342 2.01265 -0.990586 0.450553 0.166667 -0.285864 0.930838 -0.227644
-1.25852 2.07353 -1.90706 0.533886 0.166667 -0.104523 0.937626 -0.33156
0 1.69805 -3.36561 0.61722 0.25 -0.104595 0.937599 -0.331614
-1.79947 1.66654 -2.88797 0.533886 0.25 -0.104405 0.937672 -0.331469
0 2.09581 -2.24175 0.61722 0.166667 -0.10484 0.937506 -0.331801
0 1.69805 -3.36561 0.61722 0.25 -0.104595 0.937599 -0.331614
-1.25852 2.07353 -1.90706 0.533886 0.166667 -0.104523 0.937626 -0.33156
0 2.09581 -2.24175 0.61722 0.166667 0.104553 0.937582 -0.331675
1.79947 1.66654 -2.88797 0.700553 0.25 0.104589 0.937607 -0.331593
0 1.69805 -3.36561 0.61722 0.25 0.104494 0.93754 -0.331814
1.25852 2.07353 -1.90706 0.700553 0.166667 0.104712 0.937694 -0.331308
1.79947 1.66654 -2.88797 0.700553 0.25 0.104589 0.937607 -0.331593
0 2.09581 -2.24175 0.61722 0.166667 0.104553 0.937582 -0.331675
1.25852 2.07353 -1.90706 0.700553 0.166667 0.286096 0.930708 -0.227887
3.12398 1.58045 -1.57887 0.783886 0.25 0.28607 0.930778 -0.227633
1.79947 1.66654 -2.88797 0.700553 0.25 0.286139 0.930591 -0.228308
2.18342 2.01265 -0.990586 0.783886 0.166667 0.285981 0.931016 -0.226769
3.12398 1.58045 -1.57887 0.783886 0.25 0.28607 0.930778 -0.227633
1.25852 2.07353 -1.90706 0.700553 0.166667 0.286096 0.930708 -0.227887
2.18342 2.01265 -0.990586 0.783886 0.166667 0.39187 0.918803 -0.047323
3.61863 1.46284 0.219193 0.86722 0.25 0.391656 0.918909 -0.047021
3.12398 1.58045 -1.57887 0.783886 0.25 0.392217 0.918629 -0.047814
2.52688 1.92949 0.266239 0.86722 0.166667 0.39094 0.919266 -0.046009
3.61863 1.46284 0.219193 0.86722 0.25 0.391656 0.918909 -0.047021
2.18342 2.01265 -0.990586 0.783886 0.166667 0.39187 0.918803 -0.047323
2.52688 1.92949 0.266239 0.86722 0.166667 0.393166 0.905007 0.162428
3.14367 1.34524 2.02858 0.950553 0.25 0.392809 0.905132 0.162594
3.61863 1.46284 0.219193 0.86722 0.25 0.393731 0.904809 0.162164
2.19326 1.84633 1.52873 0.950553 0.166667 0.391639 0.905541 0.16314
3.14367 1.34524 2.02858 0.950553 0.25 0.392809 0.905132 0.162594
2.52688 1.92949 0.266239 0.86722 0.166667 0.393166 0.905007 0.162428
1.1251 2.17979 0.942837 -0.049447 0.083333 0.170589 0.957335 0.233256
1.26836 1.78545 2.45652 0.033886 0.166667 0.170724 0.957316 0.233238
2.19326 1.84633 1.52873 -0.049447 0.166667 0.170931 0.957285 0.233211
0.650135 2.14828 1.41793 0.033886 0.083333 0.169887 0.957438 0.233349
1.26836 1.78545 2.45652 0.033886 0.166667 0.170724 0.957316 0.233238
1.1251 2.17979 0.942837 -0.049447 0.083333 0.170589 0.957335 0.233256
0.650135 2.14828 1.41793 0.033886 0.083333 0.06249 0.953241 0.29568
0 1.76317 2.79687 0.11722 0.166667 0.062538 0.953232 0.2957
1.26836 1.78545 2.45652 0.033886 0.166667 0.062611 0.953217 0.295731
0 2.13674 1.59203 0.11722 0.083333 0.062239 0.95329 0.295576
0 1.76317 2.79687 0.11722 0.166667 0.062538 0.953232 0.2957
0.650135 2.14828 1.41793 0.033886 0.083333 0.06249 0.953241 0.29568
0 2.13674 1.59203 0.11722 0.083333 -0.062488 0.953243 0.295674
-1.26836 1.78545 2.45652 0.200553 0.166667 -0.062519 0.953254 0.295633
0 1.76317 2.79687 0.11722 0.166667 -0.062567 0.95327 0.29557
-0.650135 2.14828 1.41793 0.200553 0.083333 -0.062325 0.953187 0.29589
-1.26836 1.78545 2.45652 0.200553 0.166667 -0.062519 0.953254 0.295633
0 2.13674 1.59203 0.11722 0.083333 -0.062488 0.953243 0.295674
-0.650135 2.14828 1.41793 0.200553 0.083333 -0.170578 0.95734 0.233245
-2.19326 1.84633 1.52873 0.283886 0.166667 -0.170594 0.95737 0.233111
-1.26836 1.78545 2.45652 0.200553 0.166667 -0.170617 0.957415 0.232907
-1.1251 2.17979 0.942837 0.283886 0.083333 -0.170497 0.957184 0.233943
-2.19326 1.84633 1.52873 0.283886 0.166667 -0.170594 0.95737 0.233111
-0.650135 2.14828 1.41793 0.200553 0.083333 -0.170578 0.95734 0.233245
-1.1251 2.17979 0.942837 0.283886 0.083333 -0.232723 0.964428 0.125375
-2.52688 1.92949 0.266239 0.36722 0.166667 -0.232655 0.964465 0.125219
-2.19326 1.84633 1.52873 0.283886 0.166667 -0.232552 0.96452 0.124985
-1.29763 2.22284 0.295164 0.36722 0.083333 -0.233076 0.964238 0.126175
-2.52688 1.92949 0.266239 0.36722 0.166667 -0.232655 0.964465 0.125219
-1.1251 2.17979 0.942837 0.283886 0.083333 -0.232723 0.964428 0.125375
-1.29763 2.22284 0.295164 0.36722 0.083333 -0.232449 0.972608 0.001144
-2.18342 2.01265 -0.990586 0.450553 0.166667 -0.232326 0.972637 0.001054
-2.52688 1.92949 0.266239 0.36722 0.166667 -0.232143 0.972681 0.000921
-1.12247 2.26588 -0.350992 0.450553 0.083333 -0.233075 0.972457 0.0016
-2.18342 2.01265 -0.990586 0.450553 0.166667 -0.232326 0.972637 0.001054
-1.29763 2.22284 0.295164 0.36722 0.083333 -0.232449 0.972608 0.001144
-1.12247 2.26588 -0.350992 0.450553 0.083333 -0.170031 0.979695 -0.106241
-1.25852 2.07353 -1.90706 0.533886 0.166667 -0.169931 0.979711 -0.106252
-2.18342 2.01265 -0.990586 0.450553 0.166667 -0.169785 0.979735 -0.106268
-0.647498 2.2974 -0.823049 0.533886 0.083333 -0.170531 0.979614 -0.106187
-1.25852 2.07353 -1.90706 0.533886 0.166667 -0.169931 0.979711 -0.106252
-1.12247 2.26588 -0.350992 0.450553 0.083333 -0.170031 0.979695 -0.106241
-0.647498 2.2974 -0.823049 0.533886 0.083333 -0.062214 0.983791 -0.168184
0 2.09581 -2.24175 0.61722 0.166667 -0.062183 0.983795 -0.16817
-1.25852 2.07353 -1.90706 0.533886 0.166667 -0.062138 0.983801 -0.16815
0 2.30893 -0.99563 0.61722 0.083333 -0.062369 0.983769 -0.168251
0 2.09581 -2.24175 0.61722 0.166667 -0.062183 0.983795 -0.16817
-0.647498 2.2974 -0.823049 0.533886 0.083333 -0.062214 0.983791 -0.168184
0 2.30893 -0.99563 0.61722 0.083333 0.062215 0.98379 -0.168186
1.25852 2.07353 -1.90706 0.700553 0.166667 0.062195 0.983787 -0.168214
0 2.09581 -2.24175 0.61722 0.166667 0.062165 0.983782 -0.168254
0.647498 2.2974 -0.823049 0.700553 0.083333 0.062316 0.983807 -0.16805
1.25852 2.07353 -1.90706 0.700553 0.166667 0.062195 0.983787 -0.168214
0 2.30893 -0.99563 0.61722 0.083333 0.062215 0.98379 -0.168186
0.647498 2.2974 -0.823049 0.700553 0.083333 0.170037 0.979693 -0.106248
2.18342 2.01265 -0.990586 0.783886 0.166667 0.170025 0.979685 -0.106347
1.25852 2.07353 -1.90706 0.700553 0.166667 0.170006 0.979672 -0.106495
1.12247 2.26588 -0.350992 0.783886 0.083333 0.1701 0.979737 -0.105746
2.18342 2.01265 -0.990586 0.783886 0.166667 0.170025 0.979685 -0.106347
0.647498 2.2974 -0.823049 0.700553 0.083333 0.170037 0.979693 -0.106248
1.12247 2.26588 -0.350992 0.783886 0.083333 0.232463 0.972605 0.00114
2.52688 1.92949 0.266239 0.86722 0.166667 0.232523 0.972591 0.000998
2.18342 2.01265 -0.990586 0.783886 0.166667 0.232611 0.97257 0.000785
1.29763 2.22284 0.295164 0.86722 0.083333 0.232164 0.972675 0.001861
2.52688 1.92949 0.266239 0.86722 0.166667 0.232523 0.972591 0.000998
1.12247 2.26588 -0.350992 0.783886 0.083333 0.232463 0.972605 0.00114
1.29763 2.22284 0.295164 0.86722 0.083333 0.23274 0.964423 0.12538
2.19326 1.84633 1.52873 0.950553 0.166667 0.232877 0.964404 0.125275
2.52688 1.92949 0.266239 0.86722 0.166667 0.233083 0.964375 0.125116
1.1251 2.17979 0.942837 0.950553 0.083333 0.232041 0.964522 0.125918
2.19326 1.84633 1.52873 0.950553 0.166667 0.232877 0.964404 0.125275
1.29763 2.22284 0.295164 0.86722 0.083333 0.23274 0.964423 0.12538
0 -3.96313 0.007015 -0.00778 1 0.016228 -0.999737 0.016228
1.72585 -3.91894 1.00339 -0.049447 0.916667 0.016228 -0.999737 0.016228
0.996422 -3.91894 1.73282 0.033886 0.916667 0.016228 -0.999737 0.016228
0 -3.96313 0.007015 0.075553 1 0.00594 -0.999737 0.022168
0.996422 -3.91894 1.73282 0.033886 0.916667 0.00594 -0.999737 0.022168
0 -3.91894 1.99981 0.11722 0.916667 0.00594 -0.999737 0.022168
0 -3.96313 0.007015 0.158886 1 -0.00594 -0.999737 0.022168
0 -3.91894 1.99981 0.11722 0.916667 -0.00594 -0.999737 0.022168
-0.996422 -3.91894 1.73282 0.200553 0.916667 -0.00594 -0.999737 0.022168
0 -3.96313 0.007015 0.24222 1 -0.016228 -0.999737 0.016228
-0.996422 -3.91894 1.73282 0.200553 0.916667 -0.016228 -0.999737 0.016228
-1.72585 -3.91894 1.00339 0.283886 0.916667 -0.016228 -0.999737 0.016228
0 -3.96313 0.007015 0.325553 1 -0.022168 -0.999737 0.00594
-1.72585 -3.91894 1.00339 0.283886 0.916667 -0.022168 -0.999737 0.00594
-1.99285 -3.91894 0.006966 0.36722 0.916667 -0.022168 -0.999737 0.00594
0 -3.96313 0.007015 0.408886 1 -0.022167 -0.999737 -0.00594
-1.99285 -3.91894 0.006966 0.36722 0.916667 -0.022167 -0.999737 -0.00594
-1.72585 -3.91894 -0.989457 0.450553 0.916667 -0.022167 -0.999737 -0.00594
0 -3.96313 0.007015 0.49222 1 -0.016227 -0.999737 -0.016228
-1.72585 -3.91894 -0.989457 0.450553 0.916667 -0.016227 -0.999737 -0.016228
-0.996422 -3.91894 -1.71889 0.533886 0.916667 -0.016227 -0.999737 -0.016228
0 -3.96313 0.007015 0.575553 1 -0.00594 -0.999737 -0.022167
-0.996422 -3.91894 -1.71889 0.533886 0.916667 -0.00594 -0.999737 -0.022167
0 -3.91894 -1.98588 0.61722 0.916667 -0.00594 -0.999737 -0.022167
0 -3.96313 0.007015 0.658886 1 0.00594 -0.999737 -0.022167
0 -3.91894 -1.98588 0.61722 0.916667 0.00594 -0.999737 -0.022167
0.996422 -3.91894 -1.71889 0.700553 0.916667 0.00594 -0.999737 -0.022167
0 -3.96313 0.007015 0.74222 1 0.016227 -0.999737 -0.016228
0.996422 -3.91894 -1.71889 0.700553 0.916667 0.016227 -0.999737 -0.016228
1.72585 -3.91894 -0.989457 0.783886 0.916667 0.016227 -0.999737 -0.016228
0 -3.96313 0.007015 0.825553 1 0.022167 -0.999737 -0.00594
1.72585 -3.91894 -0.989457 0.783886 0.916667 0.022167 -0.999737 -0.00594
1.99285 -3.91894 0.006966 0.86722 0.916667 0.022167 -0.999737 -0.00594
0 -3.96313 0.007015 0.908886 1 0.022168 -0.999737 0.00594
1.99285 -3.91894 0.006966 0.86722 0.916667 0.022168 -0.999737 0.00594
1.72585 -3.91894 1.00339 0.950553 0.916667 0.022168 -0.999737 0.00594
0 2.32289 0.304915 -0.00778 0 0.056651 0.990868 0.122361
0.650135 2.14828 1.41793 0.033886 0.083333 0.056651 0.990868 0.122361
1.1251 2.17979 0.942837 -0.049447 0.083333 0.056651 0.990868 0.122361
0 2.32289 0.304915 0.075553 0 0.020767 0.98949 0.143105
0 2.13674 1.59203 0.11722 0.083333 0.020767 0.98949 0.143105
0.650135 2.14828 1.41793 0.033886 0.083333 0.020767 0.98949 0.143105
0 2.32289 0.304915 0.158886 0 -0.020767 0.98949 0.143105
-0.650135 2.14828 1.41793 0.200553 0.083333 -0.020767 0.98949 0.143105
0 2.13674 1.59203 0.11722 0.083333 -0.020767 0.98949 0.143105
0 2.32289 0.304915 0.24222 0 -0.056651 0.990868 0.122361
-1.1251 2.17979 0.942837 0.283886 0.083333 -0.056651 0.990868 0.122361
-0.650135 2.14828 1.41793 0.200553 0.083333 -0.056651 0.990868 0.122361
0 2.32289 0.304915 0.325553 0 -0.077236 0.993246 0.086589
-1.29763 2.22284 0.295164 0.36722 0.083333 -0.077236 0.993246 0.086589
-1.1251 2.17979 0.942837 0.283886 0.083333 -0.077236 0.993246 0.086589
0 2.32289 0.304915 0.408886 0 -0.077138 0.995984 0.04544
-1.12247 2.26588 -0.350992 0.450553 0.083333 -0.077138 0.995984 0.04544
-1.29763 2.22284 0.295164 0.36722 0.083333 -0.077138 0.995984 0.04544
0 2.32289 0.304915 0.49222 0 -0.056456 0.998357 0.009841
-0.647498 2.2974 -0.823049 0.533886 0.083333 -0.056456 0.998357 0.009841
-1.12247 2.26588 -0.350992 0.450553 0.083333 -0.056456 0.998357 0.009841
0 2.32289 0.304915 0.575553 0 -0.020669 0.999729 -0.010733
0 2.30893 -0.99563 0.61722 0.083333 -0.020669 0.999729 -0.010733
-0.647498 2.2974 -0.823049 0.533886 0.083333 -0.020669 0.999729 -0.010733
0 2.32289 0.304915 0.658886 0 0.020669 0.999729 -0.010733
0.647498 2.2974 -0.823049 0.700553 0.083333 0.020669 0.999729 -0.010733
0 2.30893 -0.99563 0.61722 0.083333 0.020669 0.999729 -0.010733
0 2.32289 0.304915 0.74222 0 0.056456 0.998357 0.009841
1.12247 2.26588 -0.350992 0.783886 0.083333 0.056456 0.998357 0.009841
0.647498 2.2974 -0.823049 0.700553 0.083333 0.056456 0.998357 0.009841
0 2.32289 0.304915 0.825553 0 0.077138 0.995984 0.04544
1.29763 2.22284 0.295164 0.86722 0.083333 0.077138 0.995984 0.04544
1.12247 2.26588 -0.350992 0.783886 0.083333 0.077138 0.995984 0.04544
0 2.32289 0.304915 0.908886 0 0.077236 0.993246 0.086589
1.1251 2.17979 0.942837 0.950553 0.083333 0.077236 0.993246 0.086589
1.29763 2.22284 0.295164 0.86722 0.083333 0.077236 0.993246 0.086589
0 0.52821 4.67978 0.11722 0.333333 -0.214003 0.538459 0.815025
-2.57969 -0.175575 4.46739 0.200553 0.416667 -0.21267 0.53224 0.819446
0 -0.195971 5.16078 0.11722 0.416667 -0.21442 0.54041 0.813623
-2.26896 0.566805 4.06922 0.200553 0.333333 -0.5799 0.554454 0.596906
-4.46178 -0.119851 2.57669 0.283886 0.416667 -0.582731 0.539052 0.60815
-2.57969 -0.175575 4.46739 0.200553 0.416667 -0.578792 0.56013 0.592666
0 -0.195971 5.16078 0.11722 0.416667 -0.241903 0.351992 0.904204
-2.77109 -1.06781 4.75882 0.200553 0.5 -0.241129 0.348883 0.905614
0 -1.06781 5.50133 0.11722 0.5 -0.242156 0.353012 0.903739
-2.57969 -0.175575 4.46739 0.200553 0.416667 -0.660441 0.354519 0.661917
-4.79966 -1.06781 2.73025 0.283886 0.5 -0.66049 0.346757 0.665967
-2.77109 -1.06781 4.75882 0.200553 0.5 -0.66041 0.357377 0.66041
-3.91915 0.672247 2.40736 0.283886 0.333333 -0.785606 0.575081 0.228265
-5.14198 -0.04373 0.002641 0.36722 0.416667 -0.795169 0.557586 0.238337
-4.46178 -0.119851 2.57669 0.283886 0.416667 -0.781133 0.582932 0.223653
-5.14198 -0.04373 0.002641 0.36722 0.416667 -0.902131 0.358456 -0.240144
-4.79966 -1.06781 -2.81192 0.450553 0.5 -0.905709 0.350896 -0.237829
-5.54217 -1.06781 -0.040837 0.36722 0.5 -0.900378 0.362098 -0.241256
-4.46178 -0.119851 2.57669 0.283886 0.416667 -0.902097 0.356439 0.243255
-5.54217 -1.06781 -0.040837 0.36722 0.5 -0.904467 0.347388 0.247511
-4.79966 -1.06781 2.73025 0.283886 0.5 -0.901061 0.360273 0.241439
-4.5084 0.816284 0.151912 0.36722 0.333333 -0.780115 0.595906 -0.190571
-4.44438 0.03239 -2.56137 0.450553 0.416667 -0.79155 0.58186 -0.186783
-5.14198 -0.04373 0.002641 0.36722 0.416667 -0.773775 0.603469 -0.192606
-4.44438 0.03239 -2.56137 0.450553 0.416667 -0.660402 0.360342 -0.658804
-2.77109 -1.06781 -4.8405 0.533886 0.5 -0.663198 0.355604 -0.65857
-4.79966 -1.06781 -2.81192 0.450553 0.5 -0.658919 0.362837 -0.658919
-3.88963 0.960321 -2.08655 0.450553 0.333333 -0.568366 0.612462 -0.549409
-2.56229 0.088114 -4.432 0.533886 0.416667 -0.576112 0.604042 -0.550662
-4.44438 0.03239 -2.56137 0.450553 0.416667 -0.563542 0.617625 -0.548599
-2.56229 0.088114 -4.432 0.533886 0.416667 -0.241767 0.360957 -0.900699
0 -1.06781 -5.58301 0.61722 0.5 -0.242657 0.359377 -0.901092
-2.77109 -1.06781 -4.8405 0.533886 0.5 -0.241284 0.361814 -0.900485
-2.23944 1.06576 -3.71445 0.533886 0.333333 -0.207731 0.620584 -0.756124
0 0.10851 -5.11535 0.61722 0.416667 -0.209895 0.617881 -0.757738
-2.56229 0.088114 -4.432 0.533886 0.416667 -0.206329 0.622326 -0.755075
0 -1.06781 -5.58301 0.61722 0.5 0.258815 0.005757 -0.96591
2.79702 -2.09188 -4.83965 0.700553 0.583333 0.258815 0.005757 -0.96591
0 -2.09188 -5.58911 0.61722 0.583333 0.258815 0.005757 -0.96591
2.77109 -1.06781 -4.8405 0.700553 0.5 0.707001 0.01732 -0.707001
4.84458 -2.09188 -2.79209 0.783886 0.583333 0.707001 0.017321 -0.707001
2.79702 -2.09188 -4.83965 0.700553 0.583333 0.707001 0.01732 -0.707001
4.79966 -1.06781 -2.81192 0.783886 0.5 0.965253 0.037331 -0.258639
5.59404 -2.09188 0.004927 0.86722 0.583333 0.965253 0.03733 -0.258639
4.84458 -2.09188 -2.79209 0.783886 0.583333 0.965253 0.037331 -0.258639
5.54217 -1.06781 -0.040837 0.86722 0.5 0.964164 0.060378 0.258347
4.84458 -2.09188 2.80194 0.950553 0.583333 0.964164 0.060378 0.258347
5.59404 -2.09188 0.004927 0.86722 0.583333 0.964164 0.060378 0.258347
4.79966 -1.06781 2.73025 -0.049447 0.5 0.704826 0.080261 0.704825
2.79702 -2.09188 4.8495 0.033886 0.583333 0.704826 0.080261 0.704826
4.84458 -2.09188 2.80194 -0.049447 0.583333 0.704826 0.080261 0.704825
2.77109 -1.06781 4.75882 0.033886 0.5 0.257729 0.091699 0.961856
0 -2.09188 5.59896 0.11722 0.583333 0.257728 0.091699 0.961856
2.79702 -2.09188 4.8495 0.033886 0.583333 0.257729 0.091699 0.961856
0 1.84104 2.5924 0.125 0.5 0.303816 -0.665568 0.6817
-0 1.7867 2.53935 0.125 0.625 0.303816 -0.665568 0.6817
1.59485 1.84032 1.88092 0 0.625 0.303816 -0.665568 0.6817
-1.62912 1.89581 1.91982 0.25 0.5 -0.303816 -0.665569 0.681699
-1.59485 1.84032 1.88092 0.25 0.625 -0.303816 -0.665569 0.681699
-0 1.7867 2.53935 0.125 0.625 -0.303816 -0.665569 0.6817
-2.30392 2.02805 0.296085 0.375 0.5 -0.733478 -0.63069 0.253458
-2.25545 1.96978 0.29134 0.375 0.625 -0.733478 -0.63069 0.253458
-1.59485 1.84032 1.88092 0.25 0.625 -0.733478 -0.63069 0.253458
-1.62912 2.16029 -1.32765 0.5 0.5 -0.733478 -0.581367 -0.352169
-1.59485 2.09924 -1.29824 0.5 0.625 -0.733478 -0.581367 -0.352169
-2.25545 1.96978 0.29134 0.375 0.625 -0.733478 -0.581367 -0.352169
0 2.21507 -2.00023 0.625 0.5 -0.303816 -0.54649 -0.780413
-0 2.15286 -1.95667 0.625 0.625 -0.303816 -0.54649 -0.780413
-1.59485 2.09924 -1.29824 0.5 0.625 -0.303816 -0.54649 -0.780413
1.62912 2.16029 -1.32765 0.75 0.5 0.303817 -0.546488 -0.780414
1.59485 2.09924 -1.29824 0.75 0.625 0.303817 -0.546488 -0.780414
-0 2.15286 -1.95667 0.625 0.625 0.303817 -0.546488 -0.780414
2.30392 2.02805 0.296085 0.875 0.5 0.733478 -0.581366 -0.352169
2.25545 1.96978 0.29134 0.875 0.625 0.733478 -0.581366 -0.352169
1.59485 2.09924 -1.29824 0.75 0.625 0.733478 -0.581366 -0.352169
1.62912 1.89581 1.91982 1 0.5 0.733477 -0.63069 0.253457
1.59485 1.84032 1.88092 1 0.625 0.733477 -0.63069 0.253457
2.25545 1.96978 0.29134 0.875 0.625 0.733477 -0.63069 0.253457
0 1.94284 2.42474 0.125 0.375 0.182419 0.840425 0.510303
0 1.84104 2.5924 0.125 0.5 0.182419 0.840425 0.510303
1.62912 1.89581 1.91982 0 0.5 0.182419 0.840425 0.510303
-1.50511 1.99345 1.80336 0.25 0.375 -0.182419 0.840425 0.510303
-1.62912 1.89581 1.91982 0.25 0.5 -0.182419 0.840425 0.510303
0 1.84104 2.5924 0.125 0.5 -0.182419 0.840425 0.510303
-2.12854 2.11562 0.303217 0.375 0.375 -0.4404 0.861366 0.253175
-2.30392 2.02805 0.296085 0.375 0.5 -0.4404 0.861366 0.253175
-1.62912 1.89581 1.91982 0.25 0.5 -0.4404 0.861366 0.253175
-1.50511 2.2378 -1.19692 0.5 0.375 -0.440399 0.890981 -0.11046
-1.62912 2.16029 -1.32765 0.5 0.5 -0.440399 0.890981 -0.11046
-2.30392 2.02805 0.296085 0.375 0.5 -0.440399 0.890981 -0.11046
0 2.2884 -1.8183 0.625 0.375 -0.182419 0.911922 -0.367588
0 2.21507 -2.00023 0.625 0.5 -0.182419 0.911923 -0.367588
-1.62912 2.16029 -1.32765 0.5 0.5 -0.182419 0.911922 -0.367588
1.50511 2.2378 -1.19692 0.75 0.375 0.182419 0.911922 -0.367588
1.62912 2.16029 -1.32765 0.75 0.5 0.182419 0.911922 -0.367588
0 2.21507 -2.00023 0.625 0.5 0.182419 0.911922 -0.367588
2.12854 2.11562 0.303217 0.875 0.375 0.440399 0.890981 -0.11046
2.30392 2.02805 0.296085 0.875 0.5 0.440399 0.890981 -0.11046
1.62912 2.16029 -1.32765 0.75 0.5 0.440399 0.890981 -0.11046
1.50511 1.99345 1.80336 1 0.375 0.4404 0.861366 0.253175
1.62912 1.89581 1.91982 1 0.5 0.4404 0.861366 0.253175
2.30392 2.02805 0.296085 0.875 0.5 0.4404 0.861366 0.253175
0 2.12484 1.93848 0.125 0.25 0.112508 0.930604 0.348307
0 1.94284 2.42474 0.125 0.375 0.112508 0.930604 0.348307
1.50511 1.99345 1.80336 0 0.375 0.112508 0.930604 0.348307
-1.15196 2.16357 1.4629 0.25 0.25 -0.112508 0.930604 0.348307
-1.50511 1.99345 1.80336 0.25 0.375 -0.112508 0.930604 0.348307
0 1.94284 2.42474 0.125 0.375 -0.112508 0.930604 0.348307
-1.62912 2.25708 0.314737 0.375 0.25 -0.271618 0.94352 0.189722
-2.12854 2.11562 0.303217 0.375 0.375 -0.271618 0.94352 0.189722
-1.50511 1.99345 1.80336 0.25 0.375 -0.271617 0.94352 0.189722
-1.15196 2.35059 -0.83342 0.5 0.25 -0.271618 0.961785 -0.034551
-1.50511 2.2378 -1.19692 0.5 0.375 -0.271618 0.961785 -0.034551
-2.12854 2.11562 0.303217 0.375 0.375 -0.271618 0.961785 -0.034551
0 2.38932 -1.309 0.625 0.25 -0.112508 0.9747 -0.193136
0 2.2884 -1.8183 0.625 0.375 -0.112508 0.9747 -0.193136
-1.50511 2.2378 -1.19692 0.5 0.375 -0.112508 0.9747 -0.193136
1.15196 2.35059 -0.83342 0.75 0.25 0.112508 0.9747 -0.193136
1.50511 2.2378 -1.19692 0.75 0.375 0.112508 0.9747 -0.193136
0 2.2884 -1.8183 0.625 0.375 0.112508 0.9747 -0.193136
1.62912 2.25708 0.314737 0.875 0.25 0.271617 0.961785 -0.034551
2.12854 2.11562 0.303217 0.875 0.375 0.271617 0.961785 -0.034551
1.50511 2.2378 -1.19692 0.75 0.375 0.271617 0.961785 -0.034551
1.15196 2.16357 1.4629 1 0.25 0.271617 0.94352 0.189722
1.50511 1.99345 1.80336 1 0.375 0.271617 0.94352 0.189722
2.12854 2.11562 0.303217 0.875 0.375 0.271617 0.94352 0.189722
0 2.28467 1.20158 0.125 0.125 0.054569 0.975821 0.211651
0 2.12484 1.93848 0.125 0.25 0.054569 0.975821 0.211651
1.15196 2.16357 1.4629 0 0.25 0.054569 0.975821 0.211651
-0.623436 2.30563 0.944192 0.25 0.125 -0.054569 0.975821 0.211651
-1.15196 2.16357 1.4629 0.25 0.25 -0.054569 0.975821 0.211651
0 2.12484 1.93848 0.125 0.25 -0.054569 0.975821 0.211651
-0.881671 2.35624 0.322813 0.375 0.125 -0.131742 0.982085 0.134733
-1.62912 2.25708 0.314737 0.375 0.25 -0.131742 0.982085 0.134733
-1.15196 2.16357 1.4629 0.25 0.25 -0.131742 0.982085 0.134733
-0.623436 2.40684 -0.298565 0.5 0.125 -0.131742 0.990944 0.025955
-1.15196 2.35059 -0.83342 0.5 0.25 -0.131742 0.990944 0.025955
-1.62912 2.25708 0.314737 0.375 0.25 -0.131742 0.990944 0.025955
0 2.4278 -0.555948 0.625 0.125 -0.054569 0.997209 -0.050963
0 2.38932 -1.309 0.625 0.25 -0.054569 0.997209 -0.050963
-1.15196 2.35059 -0.83342 0.5 0.25 -0.054569 0.997209 -0.050963
0.623436 2.40684 -0.298565 0.75 0.125 0.054569 0.997209 -0.050963
1.15196 2.35059 -0.83342 0.75 0.25 0.054569 0.997209 -0.050963
0 2.38932 -1.309 0.625 0.25 0.054569 0.997209 -0.050963
0.881671 2.35624 0.322813 0.875 0.125 0.131742 0.990944 0.025954
1.62912 2.25708 0.314737 0.875 0.25 0.131742 0.990944 0.025954
1.15196 2.35059 -0.83342 0.75 0.25 0.131742 0.990944 0.025954
0.623436 2.30563 0.944192 1 0.125 0.131742 0.982085 0.134733
1.15196 2.16357 1.4629 1 0.25 0.131742 0.982085 0.134733
1.62912 2.25708 0.314737 0.875 0.25 0.131742 0.982085 0.134733
0 2.39106 0.325649 0.0625 0 0.016398 0.992571 0.120555
0 2.28467 1.20158 0.125 0.125 0.016398 0.992571 0.120555
0.623436 2.30563 0.944192 0 0.125 0.016398 0.992571 0.120555
0 2.39106 0.325649 0.1875 0 -0.016398 0.992571 0.120555
-0.623436 2.30563 0.944192 0.25 0.125 -0.016398 0.992571 0.120555
0 2.28467 1.20158 0.125 0.125 -0.016398 0.992571 0.120555
0 2.39106 0.325649 0.3125 0 -0.039587 0.994454 0.097442
-0.881671 2.35624 0.322813 0.375 0.125 -0.039587 0.994454 0.097442
-0.623436 2.30563 0.944192 0.25 0.125 -0.039587 0.994454 0.097442
0 2.39106 0.325649 0.4375 0 -0.039587 0.997116 0.064754
-0.623436 2.40684 -0.298565 0.5 0.125 -0.039587 0.997116 0.064754
-0.881671 2.35624 0.322813 0.375 0.125 -0.039587 0.997116 0.064754
0 2.39106 0.325649 0.5625 0 -0.016398 0.998998 0.041642
0 2.4278 -0.555948 0.625 0.125 -0.016398 0.998998 0.041642
-0.623436 2.40684 -0.298565 0.5 0.125 -0.016398 0.998998 0.041642
0 2.39106 0.325649 0.6875 0 0.016398 0.998998 0.041642
0.623436 2.40684 -0.298565 0.75 0.125 0.016398 0.998998 0.041642
0 2.4278 -0.555948 0.625 0.125 0.016398 0.998998 0.041642
0 2.39106 0.325649 0.8125 0 0.039587 0.997116 0.064754
0.881671 2.35624 0.322813 0.875 0.125 0.039587 0.997116 0.064754
0.623436 2.40684 -0.298565 0.75 0.125 0.039587 0.997116 0.064754
0 2.39106 0.325649 0.9375 0 0.039587 0.994454 0.097442
0.623436 2.30563 0.944192 1 0.125 0.039587 0.994454 0.097442
0.881671 2.35624 0.322813 0.875 0.125 0.039587 0.994454 0.097442
