Vertex Count:792

Data:

2.59353 -4.30707 -0.02876 -0.049447 0.833333 0.261535 -0.95331 0.150997
0.775098 -4.60994 -0.321667 0.033886 0.916667 0.033876 -0.997702 0.058675
1.34251 -4.55556 -0.860879 -0.049447 0.916667 0.058675 -0.997702 0.033876
1.49737 -4.40739 1.00744 0.033886 0.833333 0.150997 -0.95331 0.261535
0.775098 -4.60994 -0.321667 0.033886 0.916667 0.033876 -0.997702 0.058675
2.59353 -4.30707 -0.02876 -0.049447 0.833333 0.261535 -0.95331 0.150997
1.49737 -4.40739 1.00744 0.033886 0.833333 0.150997 -0.95331 0.261535
0 -4.62984 -0.124302 0.11722 0.916667 -0 -0.997702 0.067752
0.775098 -4.60994 -0.321667 0.033886 0.916667 0.033876 -0.997702 0.058675
0 -4.44411 1.38672 0.11722 0.833333 -0 -0.95331 0.301994
0 -4.62984 -0.124302 0.11722 0.916667 -0 -0.997702 0.067752
1.49737 -4.40739 1.00744 0.033886 0.833333 0.150997 -0.95331 0.261535
0 -4.44411 1.38672 0.11722 0.833333 -0 -0.95331 0.301994
-0.775098 -4.60994 -0.321667 0.200553 0.916667 -0.033876 -0.997702 0.058675
0 -4.62984 -0.124302 0.11722 0.916667 -0 -0.997702 0.067752
-1.49737 -4.40739 1.00744 0.200553 0.833333 -0.150997 -0.95331 0.261535
-0.775098 -4.60994 -0.321667 0.200553 0.916667 -0.033876 -0.997702 0.058675
0 -4.44411 1.38672 0.11722 0.833333 -0 -0.95331 0.301994
-1.49737 -4.40739 1.00744 0.200553 0.833333 -0.150997 -0.95331 0.261535
-1.34251 -4.55556 -0.860879 0.283886 0.916667 -0.058675 -0.997702 0.033876
-0.775098 -4.60994 -0.321667 0.200553 0.916667 -0.033876 -0.997702 0.058675
-2.59353 -4.30707 -0.02876 0.283886 0.833333 -0.261535 -0.95331 0.150997
-1.34251 -4.55556 -0.860879 0.283886 0.916667 -0.058675 -0.997702 0.033876
-1.49737 -4.40739 1.00744 0.200553 0.833333 -0.150997 -0.95331 0.261535
-2.59353 -4.30707 -0.02876 0.283886 0.833333 -0.261535 -0.95331 0.150997
-1.5502 -4.48128 -1.59746 0.36722 0.916667 -0.067752 -0.997702 0
-1.34251 -4.55556 -0.860879 0.283886 0.916667 -0.058675 -0.997702 0.033876
-2.99475 -4.17004 -1.44424 0.36722 0.833333 -0.301994 -0.95331 0
-1.5502 -4.48128 -1.59746 0.36722 0.916667 -0.067752 -0.997702 0
-2.59353 -4.30707 -0.02876 0.283886 0.833333 -0.261535 -0.95331 0.150997
-2.99475 -4.17004 -1.44424 0.36722 0.833333 -0.301994 -0.95331 0
-1.34251 -4.36942 -2.23273 0.450553 0.916667 -0.058675 -0.997702 -0.033876
-1.5502 -4.48128 -1.59746 0.36722 0.916667 -0.067752 -0.997702 0
-2.59353 -3.96973 -2.70443 0.450553 0.833333 -0.261535 -0.95331 -0.150997
-1.34251 -4.36942 -2.23273 0.450553 0.916667 -0.058675 -0.997702 -0.033876
-2.99475 -4.17004 -1.44424 0.36722 0.833333 -0.301994 -0.95331 0
-2.59353 -3.96973 -2.70443 0.450553 0.833333 -0.261535 -0.95331 -0.150997
-0.775098 -4.28606 -2.69381 0.533886 0.916667 -0.033876 -0.997702 -0.058675
-1.34251 -4.36942 -2.23273 0.450553 0.916667 -0.058675 -0.997702 -0.033876
-1.49737 -3.82184 -3.62388 0.533886 0.833333 -0.150997 -0.95331 -0.261535
-0.775098 -4.28606 -2.69381 0.533886 0.916667 -0.033876 -0.997702 -0.058675
-2.59353 -3.96973 -2.70443 0.450553 0.833333 -0.261535 -0.95331 -0.150997
-1.49737 -3.82184 -3.62388 0.533886 0.833333 -0.150997 -0.95331 -0.261535
0 -4.25555 -2.86258 0.61722 0.916667 0 -0.997702 -0.067752
-0.775098 -4.28606 -2.69381 0.533886 0.916667 -0.033876 -0.997702 -0.058675
0 -3.7677 -3.96042 0.61722 0.833333 0 -0.95331 -0.301994
0 -4.25555 -2.86258 0.61722 0.916667 0 -0.997702 -0.067752
-1.49737 -3.82184 -3.62388 0.533886 0.833333 -0.150997 -0.95331 -0.261535
0 -3.7677 -3.96042 0.61722 0.833333 0 -0.95331 -0.301994
0.775098 -4.28606 -2.69381 0.700553 0.916667 0.033876 -0.997702 -0.058675
0 -4.25555 -2.86258 0.61722 0.916667 0 -0.997702 -0.067752
1.49737 -3.82184 -3.62388 0.700553 0.833333 0.150997 -0.95331 -0.261535
0.775098 -4.28606 -2.69381 0.700553 0.916667 0.033876 -0.997702 -0.058675
0 -3.7677 -3.96042 0.61722 0.833333 0 -0.95331 -0.301994
1.49737 -3.82184 -3.62388 0.700553 0.833333 0.150997 -0.95331 -0.261535
1.34251 -4.36942 -2.23273 0.783886 0.916667 0.058675 -0.997702 -0.033876
0.775098 -4.28606 -2.69381 0.700553 0.916667 0.033876 -0.997702 -0.058675
2.59353 -3.96973 -2.70443 0.783886 0.833333 0.261535 -0.95331 -0.150997
1.34251 -4.36942 -2.23273 0.783886 0.916667 0.058675 -0.997702 -0.033876
1.49737 -3.82184 -3.62388 0.700553 0.833333 0.150997 -0.95331 -0.261535
2.59353 -3.96973 -2.70443 0.783886 0.833333 0.261535 -0.95331 -0.150997
1.5502 -4.48128 -1.59746 0.86722 0.916667 0.067752 -0.997702 -0
1.34251 -4.36942 -2.23273 0.783886 0.916667 0.058675 -0.997702 -0.033876
2.99475 -4.17004 -1.44424 0.86722 0.833333 0.301994 -0.95331 -0
1.5502 -4.48128 -1.59746 0.86722 0.916667 0.067752 -0.997702 -0
2.59353 -3.96973 -2.70443 0.783886 0.833333 0.261535 -0.95331 -0.150997
2.99475 -4.17004 -1.44424 0.86722 0.833333 0.301994 -0.95331 -0
1.34251 -4.55556 -0.860879 0.950553 0.916667 0.058675 -0.997702 0.033876
1.5502 -4.48128 -1.59746 0.86722 0.916667 0.067752 -0.997702 -0
2.59353 -4.30707 -0.02876 0.950553 0.833333 0.261535 -0.95331 0.150997
1.34251 -4.55556 -0.860879 0.950553 0.916667 0.058675 -0.997702 0.033876
2.99475 -4.17004 -1.44424 0.86722 0.833333 0.301994 -0.95331 -0
3.36203 -3.8761 0.602431 -0.049447 0.75 0.569448 -0.753418 0.328771
1.49737 -4.40739 1.00744 0.033886 0.833333 0.150997 -0.95331 0.261535
2.59353 -4.30707 -0.02876 -0.049447 0.833333 0.261535 -0.95331 0.150997
1.94107 -3.9971 1.93521 0.033886 0.75 0.328771 -0.753418 0.569448
1.49737 -4.40739 1.00744 0.033886 0.833333 0.150997 -0.95331 0.261535
3.36203 -3.8761 0.602431 -0.049447 0.75 0.569448 -0.753418 0.328771
1.94107 -3.9971 1.93521 0.033886 0.75 0.328771 -0.753418 0.569448
0 -4.44411 1.38672 0.11722 0.833333 -0 -0.95331 0.301994
1.49737 -4.40739 1.00744 0.033886 0.833333 0.150997 -0.95331 0.261535
0 -4.04139 2.42304 0.11722 0.75 0 -0.753418 0.657542
0 -4.44411 1.38672 0.11722 0.833333 -0 -0.95331 0.301994
1.94107 -3.9971 1.93521 0.033886 0.75 0.328771 -0.753418 0.569448
0 -4.04139 2.42304 0.11722 0.75 0 -0.753418 0.657542
-1.49737 -4.40739 1.00744 0.200553 0.833333 -0.150997 -0.95331 0.261535
0 -4.44411 1.38672 0.11722 0.833333 -0 -0.95331 0.301994
-1.94107 -3.9971 1.93521 0.200553 0.75 -0.328771 -0.753418 0.569448
-1.49737 -4.40739 1.00744 0.200553 0.833333 -0.150997 -0.95331 0.261535
0 -4.04139 2.42304 0.11722 0.75 0 -0.753418 0.657542
-1.94107 -3.9971 1.93521 0.200553 0.75 -0.328771 -0.753418 0.569448
-2.59353 -4.30707 -0.02876 0.283886 0.833333 -0.261535 -0.95331 0.150997
-1.49737 -4.40739 1.00744 0.200553 0.833333 -0.150997 -0.95331 0.261535
-3.36203 -3.8761 0.602431 0.283886 0.75 -0.569448 -0.753418 0.328771
-2.59353 -4.30707 -0.02876 0.283886 0.833333 -0.261535 -0.95331 0.150997
-1.94107 -3.9971 1.93521 0.200553 0.75 -0.328771 -0.753418 0.569448
-3.36203 -3.8761 0.602431 0.283886 0.75 -0.569448 -0.753418 0.328771
-2.99475 -4.17004 -1.44424 0.36722 0.833333 -0.301994 -0.95331 0
-2.59353 -4.30707 -0.02876 0.283886 0.833333 -0.261535 -0.95331 0.150997
-3.88214 -3.71081 -1.21818 0.36722 0.75 -0.657542 -0.753418 -0
-2.99475 -4.17004 -1.44424 0.36722 0.833333 -0.301994 -0.95331 0
-3.36203 -3.8761 0.602431 0.283886 0.75 -0.569448 -0.753418 0.328771
-3.88214 -3.71081 -1.21818 0.36722 0.75 -0.657542 -0.753418 -0
-2.59353 -3.96973 -2.70443 0.450553 0.833333 -0.261535 -0.95331 -0.150997
-2.99475 -4.17004 -1.44424 0.36722 0.833333 -0.301994 -0.95331 0
-3.36203 -3.48455 -2.92375 0.450553 0.75 -0.569448 -0.753418 -0.328771
-2.59353 -3.96973 -2.70443 0.450553 0.833333 -0.261535 -0.95331 -0.150997
-3.88214 -3.71081 -1.21818 0.36722 0.75 -0.657542 -0.753418 -0
-3.36203 -3.48455 -2.92375 0.450553 0.75 -0.569448 -0.753418 -0.328771
-1.49737 -3.82184 -3.62388 0.533886 0.833333 -0.150997 -0.95331 -0.261535
-2.59353 -3.96973 -2.70443 0.450553 0.833333 -0.261535 -0.95331 -0.150997
-1.94107 -3.31799 -4.17057 0.533886 0.75 -0.328771 -0.753418 -0.569448
-1.49737 -3.82184 -3.62388 0.533886 0.833333 -0.150997 -0.95331 -0.261535
-3.36203 -3.48455 -2.92375 0.450553 0.75 -0.569448 -0.753418 -0.328771
-1.94107 -3.31799 -4.17057 0.533886 0.75 -0.328771 -0.753418 -0.569448
0 -3.7677 -3.96042 0.61722 0.833333 0 -0.95331 -0.301994
-1.49737 -3.82184 -3.62388 0.533886 0.833333 -0.150997 -0.95331 -0.261535
0 -3.25703 -4.62694 0.61722 0.75 0 -0.753418 -0.657542
0 -3.7677 -3.96042 0.61722 0.833333 0 -0.95331 -0.301994
-1.94107 -3.31799 -4.17057 0.533886 0.75 -0.328771 -0.753418 -0.569448
0 -3.25703 -4.62694 0.61722 0.75 0 -0.753418 -0.657542
1.49737 -3.82184 -3.62388 0.700553 0.833333 0.150997 -0.95331 -0.261535
0 -3.7677 -3.96042 0.61722 0.833333 0 -0.95331 -0.301994
1.94107 -3.31799 -4.17057 0.700553 0.75 0.328771 -0.753418 -0.569448
1.49737 -3.82184 -3.62388 0.700553 0.833333 0.150997 -0.95331 -0.261535
0 -3.25703 -4.62694 0.61722 0.75 0 -0.753418 -0.657542
1.94107 -3.31799 -4.17057 0.700553 0.75 0.328771 -0.753418 -0.569448
2.59353 -3.96973 -2.70443 0.783886 0.833333 0.261535 -0.95331 -0.150997
1.49737 -3.82184 -3.62388 0.700553 0.833333 0.150997 -0.95331 -0.261535
3.36203 -3.48455 -2.92375 0.783886 0.75 0.569448 -0.753418 -0.328771
2.59353 -3.96973 -2.70443 0.783886 0.833333 0.261535 -0.95331 -0.150997
1.94107 -3.31799 -4.17057 0.700553 0.75 0.328771 -0.753418 -0.569448
3.36203 -3.48455 -2.92375 0.783886 0.75 0.569448 -0.753418 -0.328771
2.99475 -4.17004 -1.44424 0.86722 0.833333 0.301994 -0.95331 -0
2.59353 -3.96973 -2.70443 0.783886 0.833333 0.261535 -0.95331 -0.150997
3.88214 -3.71081 -1.21818 0.86722 0.75 0.657542 -0.753418 0
2.99475 -4.17004 -1.44424 0.86722 0.833333 0.301994 -0.95331 -0
3.36203 -3.48455 -2.92375 0.783886 0.75 0.569448 -0.753418 -0.328771
3.88214 -3.71081 -1.21818 0.86722 0.75 0.657542 -0.753418 0
2.59353 -4.30707 -0.02876 0.950553 0.833333 0.261535 -0.95331 0.150997
2.99475 -4.17004 -1.44424 0.86722 0.833333 0.301994 -0.95331 -0
3.36203 -3.8761 0.602431 0.950553 0.75 0.569448 -0.753418 0.328771
2.59353 -4.30707 -0.02876 0.950553 0.833333 0.261535 -0.95331 0.150997
3.88214 -3.71081 -1.21818 0.86722 0.75 0.657542 -0.753418 0
3.86028 -3.08785 1.23215 -0.049447 0.666667 0.754294 -0.491313 0.435492
1.94107 -3.9971 1.93521 0.033886 0.75 0.328771 -0.753418 0.569448
3.36203 -3.8761 0.602431 -0.049447 0.75 0.569448 -0.753418 0.328771
2.22873 -3.20896 2.74181 0.033886 0.666667 0.435492 -0.491313 0.754294
1.94107 -3.9971 1.93521 0.033886 0.75 0.328771 -0.753418 0.569448
3.86028 -3.08785 1.23215 -0.049447 0.666667 0.754294 -0.491313 0.435492
2.22873 -3.20896 2.74181 0.033886 0.666667 0.435492 -0.491313 0.754294
0 -4.04139 2.42304 0.11722 0.75 0 -0.753418 0.657542
1.94107 -3.9971 1.93521 0.033886 0.75 0.328771 -0.753418 0.569448
0 -3.25328 3.29439 0.11722 0.666667 0 -0.491313 0.870983
0 -4.04139 2.42304 0.11722 0.75 0 -0.753418 0.657542
2.22873 -3.20896 2.74181 0.033886 0.666667 0.435492 -0.491313 0.754294
0 -3.25328 3.29439 0.11722 0.666667 0 -0.491313 0.870983
-1.94107 -3.9971 1.93521 0.200553 0.75 -0.328771 -0.753418 0.569448
0 -4.04139 2.42304 0.11722 0.75 0 -0.753418 0.657542
-2.22873 -3.20896 2.74181 0.200553 0.666667 -0.435492 -0.491313 0.754294
-1.94107 -3.9971 1.93521 0.200553 0.75 -0.328771 -0.753418 0.569448
0 -3.25328 3.29439 0.11722 0.666667 0 -0.491313 0.870983
-2.22873 -3.20896 2.74181 0.200553 0.666667 -0.435492 -0.491313 0.754294
-3.36203 -3.8761 0.602431 0.283886 0.75 -0.569448 -0.753418 0.328771
-1.94107 -3.9971 1.93521 0.200553 0.75 -0.328771 -0.753418 0.569448
-3.86028 -3.08785 1.23215 0.283886 0.666667 -0.754294 -0.491313 0.435492
-3.36203 -3.8761 0.602431 0.283886 0.75 -0.569448 -0.753418 0.328771
-2.22873 -3.20896 2.74181 0.200553 0.666667 -0.435492 -0.491313 0.754294
-3.86028 -3.08785 1.23215 0.283886 0.666667 -0.754294 -0.491313 0.435492
-3.88214 -3.71081 -1.21818 0.36722 0.75 -0.657542 -0.753418 -0
-3.36203 -3.8761 0.602431 0.283886 0.75 -0.569448 -0.753418 0.328771
-4.45747 -2.92242 -0.830082 0.36722 0.666667 -0.870983 -0.491313 -0
-3.88214 -3.71081 -1.21818 0.36722 0.75 -0.657542 -0.753418 -0
-3.86028 -3.08785 1.23215 0.283886 0.666667 -0.754294 -0.491313 0.435492
-4.45747 -2.92242 -0.830082 0.36722 0.666667 -0.870983 -0.491313 -0
-3.36203 -3.48455 -2.92375 0.450553 0.75 -0.569448 -0.753418 -0.328771
-3.88214 -3.71081 -1.21818 0.36722 0.75 -0.657542 -0.753418 -0
-3.86028 -2.72941 -2.93284 0.450553 0.666667 -0.754294 -0.491313 -0.435492
-3.36203 -3.48455 -2.92375 0.450553 0.75 -0.569448 -0.753418 -0.328771
-4.45747 -2.92242 -0.830082 0.36722 0.666667 -0.870983 -0.491313 -0
-3.86028 -2.72941 -2.93284 0.450553 0.666667 -0.754294 -0.491313 -0.435492
-1.94107 -3.31799 -4.17057 0.533886 0.75 -0.328771 -0.753418 -0.569448
-3.36203 -3.48455 -2.92375 0.450553 0.75 -0.569448 -0.753418 -0.328771
-2.22873 -2.58774 -4.47271 0.533886 0.666667 -0.435492 -0.491313 -0.754294
-1.94107 -3.31799 -4.17057 0.533886 0.75 -0.328771 -0.753418 -0.569448
-3.86028 -2.72941 -2.93284 0.450553 0.666667 -0.754294 -0.491313 -0.435492
-2.22873 -2.58774 -4.47271 0.533886 0.666667 -0.435492 -0.491313 -0.754294
0 -3.25703 -4.62694 0.61722 0.75 0 -0.753418 -0.657542
-1.94107 -3.31799 -4.17057 0.533886 0.75 -0.328771 -0.753418 -0.569448
0 -2.53589 -5.03634 0.61722 0.666667 0 -0.491313 -0.870983
0 -3.25703 -4.62694 0.61722 0.75 0 -0.753418 -0.657542
-2.22873 -2.58774 -4.47271 0.533886 0.666667 -0.435492 -0.491313 -0.754294
0 -2.53589 -5.03634 0.61722 0.666667 0 -0.491313 -0.870983
1.94107 -3.31799 -4.17057 0.700553 0.75 0.328771 -0.753418 -0.569448
0 -3.25703 -4.62694 0.61722 0.75 0 -0.753418 -0.657542
2.22873 -2.58774 -4.47271 0.700553 0.666667 0.435492 -0.491313 -0.754294
1.94107 -3.31799 -4.17057 0.700553 0.75 0.328771 -0.753418 -0.569448
0 -2.53589 -5.03634 0.61722 0.666667 0 -0.491313 -0.870983
2.22873 -2.58774 -4.47271 0.700553 0.666667 0.435492 -0.491313 -0.754294
3.36203 -3.48455 -2.92375 0.783886 0.75 0.569448 -0.753418 -0.328771
1.94107 -3.31799 -4.17057 0.700553 0.75 0.328771 -0.753418 -0.569448
3.86028 -2.72941 -2.93284 0.783886 0.666667 0.754294 -0.491313 -0.435492
3.36203 -3.48455 -2.92375 0.783886 0.75 0.569448 -0.753418 -0.328771
2.22873 -2.58774 -4.47271 0.700553 0.666667 0.435492 -0.491313 -0.754294
3.86028 -2.72941 -2.93284 0.783886 0.666667 0.754294 -0.491313 -0.435492
3.88214 -3.71081 -1.21818 0.86722 0.75 0.657542 -0.753418 0
3.36203 -3.48455 -2.92375 0.783886 0.75 0.569448 -0.753418 -0.328771
4.45747 -2.92242 -0.830082 0.86722 0.666667 0.870983 -0.491313 0
3.88214 -3.71081 -1.21818 0.86722 0.75 0.657542 -0.753418 0
3.86028 -2.72941 -2.93284 0.783886 0.666667 0.754294 -0.491313 -0.435492
4.45747 -2.92242 -0.830082 0.86722 0.666667 0.870983 -0.491313 0
3.36203 -3.8761 0.602431 0.950553 0.75 0.569448 -0.753418 0.328771
3.88214 -3.71081 -1.21818 0.86722 0.75 0.657542 -0.753418 0
3.86028 -3.08785 1.23215 0.950553 0.666667 0.754294 -0.491313 0.435492
3.36203 -3.8761 0.602431 0.950553 0.75 0.569448 -0.753418 0.328771
4.45747 -2.92242 -0.830082 0.86722 0.666667 0.870983 -0.491313 0
4.21432 -2.06189 1.76126 -0.049447 0.583333 0.846246 -0.212387 0.48863
2.22873 -3.20896 2.74181 0.033886 0.666667 0.435492 -0.491313 0.754294
3.86028 -3.08785 1.23215 -0.049447 0.666667 0.754294 -0.491313 0.435492
2.43314 -2.19068 3.40997 0.033886 0.583333 0.489179 -0.206765 0.84732
2.22873 -3.20896 2.74181 0.033886 0.666667 0.435492 -0.491313 0.754294
4.21432 -2.06189 1.76126 -0.049447 0.583333 0.846246 -0.212387 0.48863
2.43314 -2.19068 3.40997 0.033886 0.583333 0.489179 -0.206765 0.84732
0 -3.25328 3.29439 0.11722 0.666667 0 -0.491313 0.870983
2.22873 -3.20896 2.74181 0.033886 0.666667 0.435492 -0.491313 0.754294
0 -2.23781 4.01345 0.11722 0.583333 0 -0.204704 0.978824
0 -3.25328 3.29439 0.11722 0.666667 0 -0.491313 0.870983
2.43314 -2.19068 3.40997 0.033886 0.583333 0.489179 -0.206765 0.84732
0 -2.23781 4.01345 0.11722 0.583333 0 -0.204704 0.978824
-2.22873 -3.20896 2.74181 0.200553 0.666667 -0.435492 -0.491313 0.754294
0 -3.25328 3.29439 0.11722 0.666667 0 -0.491313 0.870983
-2.43314 -2.19068 3.40997 0.200553 0.583333 -0.489179 -0.206765 0.84732
-2.22873 -3.20896 2.74181 0.200553 0.666667 -0.435492 -0.491313 0.754294
0 -2.23781 4.01345 0.11722 0.583333 0 -0.204704 0.978824
-2.43314 -2.19068 3.40997 0.200553 0.583333 -0.489179 -0.206765 0.84732
-3.86028 -3.08785 1.23215 0.283886 0.666667 -0.754294 -0.491313 0.435492
-2.22873 -3.20896 2.74181 0.200553 0.666667 -0.435492 -0.491313 0.754294
-4.21432 -2.06189 1.76126 0.283886 0.583333 -0.846246 -0.212387 0.48863
-3.86028 -3.08785 1.23215 0.283886 0.666667 -0.754294 -0.491313 0.435492
-2.43314 -2.19068 3.40997 0.200553 0.583333 -0.489179 -0.206765 0.84732
-4.21432 -2.06189 1.76126 0.283886 0.583333 -0.846246 -0.212387 0.48863
-4.45747 -2.92242 -0.830082 0.36722 0.666667 -0.870983 -0.491313 -0
-3.86028 -3.08785 1.23215 0.283886 0.666667 -0.754294 -0.491313 0.435492
-4.86628 -1.88596 -0.49093 0.36722 0.583333 -0.97549 -0.220044 6.6e-05
-4.45747 -2.92242 -0.830082 0.36722 0.666667 -0.870983 -0.491313 -0
-4.21432 -2.06189 1.76126 0.283886 0.583333 -0.846246 -0.212387 0.48863
-4.86628 -1.88596 -0.49093 0.36722 0.583333 -0.97549 -0.220044 6.6e-05
-3.86028 -2.72941 -2.93284 0.450553 0.666667 -0.754294 -0.491313 -0.435492
-4.45747 -2.92242 -0.830082 0.36722 0.666667 -0.870983 -0.491313 -0
-4.21432 -1.70595 -2.90112 0.450553 0.583333 -0.843318 -0.227671 -0.486807
-3.86028 -2.72941 -2.93284 0.450553 0.666667 -0.754294 -0.491313 -0.435492
-4.86628 -1.88596 -0.49093 0.36722 0.583333 -0.97549 -0.220044 6.6e-05
-4.21432 -1.70595 -2.90112 0.450553 0.583333 -0.843318 -0.227671 -0.486807
-2.22873 -2.58774 -4.47271 0.533886 0.666667 -0.435492 -0.491313 -0.754294
-3.86028 -2.72941 -2.93284 0.450553 0.666667 -0.754294 -0.491313 -0.435492
-2.43314 -1.57412 -4.66743 0.533886 0.583333 -0.486251 -0.233234 -0.842117
-2.22873 -2.58774 -4.47271 0.533886 0.666667 -0.435492 -0.491313 -0.754294
-4.21432 -1.70595 -2.90112 0.450553 0.583333 -0.843318 -0.227671 -0.486807
-2.43314 -1.57412 -4.66743 0.533886 0.583333 -0.486251 -0.233234 -0.842117
0 -2.53589 -5.03634 0.61722 0.666667 0 -0.491313 -0.870983
-2.22873 -2.58774 -4.47271 0.533886 0.666667 -0.435492 -0.491313 -0.754294
0 -1.52587 -5.31395 0.61722 0.583333 -0 -0.235266 -0.971931
0 -2.53589 -5.03634 0.61722 0.666667 0 -0.491313 -0.870983
-2.43314 -1.57412 -4.66743 0.533886 0.583333 -0.486251 -0.233234 -0.842117
0 -1.52587 -5.31395 0.61722 0.583333 -0 -0.235266 -0.971931
2.22873 -2.58774 -4.47271 0.700553 0.666667 0.435492 -0.491313 -0.754294
0 -2.53589 -5.03634 0.61722 0.666667 0 -0.491313 -0.870983
2.43314 -1.57412 -4.66743 0.700553 0.583333 0.486251 -0.233234 -0.842117
2.22873 -2.58774 -4.47271 0.700553 0.666667 0.435492 -0.491313 -0.754294
0 -1.52587 -5.31395 0.61722 0.583333 -0 -0.235266 -0.971931
2.43314 -1.57412 -4.66743 0.700553 0.583333 0.486251 -0.233234 -0.842117
3.86028 -2.72941 -2.93284 0.783886 0.666667 0.754294 -0.491313 -0.435492
2.22873 -2.58774 -4.47271 0.700553 0.666667 0.435492 -0.491313 -0.754294
4.21432 -1.70595 -2.90112 0.783886 0.583333 0.843318 -0.227671 -0.486807
3.86028 -2.72941 -2.93284 0.783886 0.666667 0.754294 -0.491313 -0.435492
2.43314 -1.57412 -4.66743 0.700553 0.583333 0.486251 -0.233234 -0.842117
4.21432 -1.70595 -2.90112 0.783886 0.583333 0.843318 -0.227671 -0.486807
4.45747 -2.92242 -0.830082 0.86722 0.666667 0.870983 -0.491313 0
3.86028 -2.72941 -2.93284 0.783886 0.666667 0.754294 -0.491313 -0.435492
4.86628 -1.88596 -0.49093 0.86722 0.583333 0.97549 -0.220044 6.6e-05
4.45747 -2.92242 -0.830082 0.86722 0.666667 0.870983 -0.491313 0
4.21432 -1.70595 -2.90112 0.783886 0.583333 0.843318 -0.227671 -0.486807
4.86628 -1.88596 -0.49093 0.86722 0.583333 0.97549 -0.220044 6.6e-05
3.86028 -3.08785 1.23215 0.950553 0.666667 0.754294 -0.491313 0.435492
4.45747 -2.92242 -0.830082 0.86722 0.666667 0.870983 -0.491313 0
4.21432 -2.06189 1.76126 0.950553 0.583333 0.846246 -0.212387 0.48863
3.86028 -3.08785 1.23215 0.950553 0.666667 0.754294 -0.491313 0.435492
4.86628 -1.88596 -0.49093 0.86722 0.583333 0.97549 -0.220044 6.6e-05
4.21432 -2.06189 1.76126 -0.049447 0.583333 0.846246 -0.212387 0.48863
2.52701 -0.712805 3.92574 0.033886 0.5 0.497841 0.073744 0.864128
2.43314 -2.19068 3.40997 0.033886 0.583333 0.489179 -0.206765 0.84732
4.3769 -0.562053 2.18245 -0.049447 0.5 0.863208 0.068435 0.500189
2.52701 -0.712805 3.92574 0.033886 0.5 0.497841 0.073744 0.864128
4.21432 -2.06189 1.76126 -0.049447 0.583333 0.846246 -0.212387 0.48863
2.43314 -2.19068 3.40997 0.033886 0.583333 0.489179 -0.206765 0.84732
0 -0.767984 4.56383 0.11722 0.5 0 0.075771 0.997125
0 -2.23781 4.01345 0.11722 0.583333 0 -0.204704 0.978824
2.52701 -0.712805 3.92574 0.033886 0.5 0.497841 0.073744 0.864128
0 -0.767984 4.56383 0.11722 0.5 0 0.075771 0.997125
2.43314 -2.19068 3.40997 0.033886 0.583333 0.489179 -0.206765 0.84732
0 -0.767984 4.56383 0.11722 0.5 0 0.075771 0.997125
-2.43314 -2.19068 3.40997 0.200553 0.583333 -0.489179 -0.206765 0.84732
0 -2.23781 4.01345 0.11722 0.583333 0 -0.204704 0.978824
-2.52701 -0.712805 3.92574 0.200553 0.5 -0.497841 0.073744 0.864128
-2.43314 -2.19068 3.40997 0.200553 0.583333 -0.489179 -0.206765 0.84732
0 -0.767984 4.56383 0.11722 0.5 0 0.075771 0.997125
-2.52701 -0.712805 3.92574 0.200553 0.5 -0.497841 0.073744 0.864128
-4.21432 -2.06189 1.76126 0.283886 0.583333 -0.846246 -0.212387 0.48863
-2.43314 -2.19068 3.40997 0.200553 0.583333 -0.489179 -0.206765 0.84732
-4.3769 -0.562053 2.18245 0.283886 0.5 -0.863208 0.068435 0.500189
-4.21432 -2.06189 1.76126 0.283886 0.583333 -0.846246 -0.212387 0.48863
-2.52701 -0.712805 3.92574 0.200553 0.5 -0.497841 0.073744 0.864128
-4.3769 -0.562053 2.18245 0.283886 0.5 -0.863208 0.068435 0.500189
-4.86628 -1.88596 -0.49093 0.36722 0.583333 -0.97549 -0.220044 6.6e-05
-4.21432 -2.06189 1.76126 0.283886 0.583333 -0.846246 -0.212387 0.48863
-5.05401 -0.356121 -0.198936 0.36722 0.5 -0.998095 0.061671 0.001784
-4.86628 -1.88596 -0.49093 0.36722 0.583333 -0.97549 -0.220044 6.6e-05
-4.3769 -0.562053 2.18245 0.283886 0.5 -0.863208 0.068435 0.500189
-5.05401 -0.356121 -0.198936 0.36722 0.5 -0.998095 0.061671 0.001784
-4.21432 -1.70595 -2.90112 0.450553 0.583333 -0.843318 -0.227671 -0.486807
-4.86628 -1.88596 -0.49093 0.36722 0.583333 -0.97549 -0.220044 6.6e-05
-4.3769 -0.149588 -2.78203 0.450553 0.5 -0.865456 0.055391 -0.497914
-4.21432 -1.70595 -2.90112 0.450553 0.583333 -0.843318 -0.227671 -0.486807
-5.05401 -0.356121 -0.198936 0.36722 0.5 -0.998095 0.061671 0.001784
-4.3769 -0.149588 -2.78203 0.450553 0.5 -0.865456 0.055391 -0.497914
-2.43314 -1.57412 -4.66743 0.533886 0.583333 -0.486251 -0.233234 -0.842117
-4.21432 -1.70595 -2.90112 0.450553 0.583333 -0.843318 -0.227671 -0.486807
-2.52701 0.001605 -4.67299 0.533886 0.5 -0.500101 0.051056 -0.864461
-2.43314 -1.57412 -4.66743 0.533886 0.583333 -0.486251 -0.233234 -0.842117
-4.3769 -0.149588 -2.78203 0.450553 0.5 -0.865456 0.055391 -0.497914
-2.52701 0.001605 -4.67299 0.533886 0.5 -0.500101 0.051056 -0.864461
0 -1.52587 -5.31395 0.61722 0.583333 -0 -0.235266 -0.971931
-2.43314 -1.57412 -4.66743 0.533886 0.583333 -0.486251 -0.233234 -0.842117
0 0.056945 -5.36513 0.61722 0.5 0 0.049519 -0.998773
0 -1.52587 -5.31395 0.61722 0.583333 -0 -0.235266 -0.971931
-2.52701 0.001605 -4.67299 0.533886 0.5 -0.500101 0.051056 -0.864461
0 -1.52587 -5.31395 0.61722 0.583333 -0 -0.235266 -0.971931
2.52701 0.001605 -4.67299 0.700553 0.5 0.500101 0.051056 -0.864461
2.43314 -1.57412 -4.66743 0.700553 0.583333 0.486251 -0.233234 -0.842117
0 0.056945 -5.36513 0.61722 0.5 0 0.049519 -0.998773
2.52701 0.001605 -4.67299 0.700553 0.5 0.500101 0.051056 -0.864461
0 -1.52587 -5.31395 0.61722 0.583333 -0 -0.235266 -0.971931
2.43314 -1.57412 -4.66743 0.700553 0.583333 0.486251 -0.233234 -0.842117
4.3769 -0.149588 -2.78203 0.783886 0.5 0.865456 0.055391 -0.497914
4.21432 -1.70595 -2.90112 0.783886 0.583333 0.843318 -0.227671 -0.486807
2.52701 0.001605 -4.67299 0.700553 0.5 0.500101 0.051056 -0.864461
4.3769 -0.149588 -2.78203 0.783886 0.5 0.865456 0.055391 -0.497914
2.43314 -1.57412 -4.66743 0.700553 0.583333 0.486251 -0.233234 -0.842117
4.21432 -1.70595 -2.90112 0.783886 0.583333 0.843318 -0.227671 -0.486807
5.05401 -0.356121 -0.198936 0.86722 0.5 0.998095 0.061671 0.001784
4.86628 -1.88596 -0.49093 0.86722 0.583333 0.97549 -0.220044 6.6e-05
4.3769 -0.149588 -2.78203 0.783886 0.5 0.865456 0.055391 -0.497914
5.05401 -0.356121 -0.198936 0.86722 0.5 0.998095 0.061671 0.001784
4.21432 -1.70595 -2.90112 0.783886 0.583333 0.843318 -0.227671 -0.486807
4.86628 -1.88596 -0.49093 0.86722 0.583333 0.97549 -0.220044 6.6e-05
4.3769 -0.562053 2.18245 0.950553 0.5 0.863208 0.068435 0.500189
4.21432 -2.06189 1.76126 0.950553 0.583333 0.846246 -0.212387 0.48863
5.05401 -0.356121 -0.198936 0.86722 0.5 0.998095 0.061671 0.001784
4.3769 -0.562053 2.18245 0.950553 0.5 0.863208 0.068435 0.500189
4.86628 -1.88596 -0.49093 0.86722 0.583333 0.97549 -0.220044 6.6e-05
4.18258 0.675228 2.3888 -0.049447 0.416667 0.823109 0.288186 0.489326
2.52701 -0.712805 3.92574 0.033886 0.5 0.497841 0.073744 0.864128
4.3769 -0.562053 2.18245 -0.049447 0.5 0.863208 0.068435 0.500189
2.41481 0.457259 4.08572 0.033886 0.416667 0.474155 0.278661 0.83518
2.52701 -0.712805 3.92574 0.033886 0.5 0.497841 0.073744 0.864128
4.18258 0.675228 2.3888 -0.049447 0.416667 0.823109 0.288186 0.489326
2.41481 0.457259 4.08572 0.033886 0.416667 0.474155 0.278661 0.83518
0 -0.767984 4.56383 0.11722 0.5 0 0.075771 0.997125
2.52701 -0.712805 3.92574 0.033886 0.5 0.497841 0.073744 0.864128
0 0.377519 4.70519 0.11722 0.416667 0 0.275321 0.961352
0 -0.767984 4.56383 0.11722 0.5 0 0.075771 0.997125
2.41481 0.457259 4.08572 0.033886 0.416667 0.474155 0.278661 0.83518
0 -0.767984 4.56383 0.11722 0.5 0 0.075771 0.997125
-2.41481 0.457259 4.08572 0.200553 0.416667 -0.474155 0.278661 0.83518
-2.52701 -0.712805 3.92574 0.200553 0.5 -0.497841 0.073744 0.864128
0 0.377519 4.70519 0.11722 0.416667 0 0.275321 0.961352
-2.41481 0.457259 4.08572 0.200553 0.416667 -0.474155 0.278661 0.83518
0 -0.767984 4.56383 0.11722 0.5 0 0.075771 0.997125
-2.52701 -0.712805 3.92574 0.200553 0.5 -0.497841 0.073744 0.864128
-4.18258 0.675228 2.3888 0.283886 0.416667 -0.823109 0.288186 0.489326
-4.3769 -0.562053 2.18245 0.283886 0.5 -0.863208 0.068435 0.500189
-2.41481 0.457259 4.08572 0.200553 0.416667 -0.474155 0.278661 0.83518
-4.18258 0.675228 2.3888 0.283886 0.416667 -0.823109 0.288186 0.489326
-2.52701 -0.712805 3.92574 0.200553 0.5 -0.497841 0.073744 0.864128
-4.3769 -0.562053 2.18245 0.283886 0.5 -0.863208 0.068435 0.500189
-4.82963 0.973253 0.060055 0.36722 0.416667 -0.953186 0.302042 0.014373
-5.05401 -0.356121 -0.198936 0.36722 0.5 -0.998095 0.061671 0.001784
-4.18258 0.675228 2.3888 0.283886 0.416667 -0.823109 0.288186 0.489326
-4.82963 0.973253 0.060055 0.36722 0.416667 -0.953186 0.302042 0.014373
-4.3769 -0.562053 2.18245 0.283886 0.5 -0.863208 0.068435 0.500189
-5.05401 -0.356121 -0.198936 0.36722 0.5 -0.998095 0.061671 0.001784
-4.18258 1.45767 -2.26475 0.450553 0.416667 -0.827715 0.316724 -0.463221
-4.3769 -0.149588 -2.78203 0.450553 0.5 -0.865456 0.055391 -0.497914
-4.82963 0.973253 0.060055 0.36722 0.416667 -0.953186 0.302042 0.014373
-4.18258 1.45767 -2.26475 0.450553 0.416667 -0.827715 0.316724 -0.463221
-5.05401 -0.356121 -0.198936 0.36722 0.5 -0.998095 0.061671 0.001784
-4.3769 -0.149588 -2.78203 0.450553 0.5 -0.865456 0.055391 -0.497914
-2.41481 1.83428 -3.9522 0.533886 0.416667 -0.478782 0.32792 -0.814393
-2.52701 0.001605 -4.67299 0.533886 0.5 -0.500101 0.051056 -0.864461
-4.18258 1.45767 -2.26475 0.450553 0.416667 -0.827715 0.316724 -0.463221
-2.41481 1.83428 -3.9522 0.533886 0.416667 -0.478782 0.32792 -0.814393
-4.3769 -0.149588 -2.78203 0.450553 0.5 -0.865456 0.055391 -0.497914
-2.52701 0.001605 -4.67299 0.533886 0.5 -0.500101 0.051056 -0.864461
0 1.97633 -4.56679 0.61722 0.416667 0 0.332102 -0.943243
0 0.056945 -5.36513 0.61722 0.5 0 0.049519 -0.998773
-2.41481 1.83428 -3.9522 0.533886 0.416667 -0.478782 0.32792 -0.814393
0 1.97633 -4.56679 0.61722 0.416667 0 0.332102 -0.943243
-2.52701 0.001605 -4.67299 0.533886 0.5 -0.500101 0.051056 -0.864461
0 1.97633 -4.56679 0.61722 0.416667 0 0.332102 -0.943243
2.52701 0.001605 -4.67299 0.700553 0.5 0.500101 0.051056 -0.864461
0 0.056945 -5.36513 0.61722 0.5 0 0.049519 -0.998773
2.41481 1.83428 -3.9522 0.700553 0.416667 0.478782 0.32792 -0.814393
2.52701 0.001605 -4.67299 0.700553 0.5 0.500101 0.051056 -0.864461
0 1.97633 -4.56679 0.61722 0.416667 0 0.332102 -0.943243
2.41481 1.83428 -3.9522 0.700553 0.416667 0.478782 0.32792 -0.814393
4.3769 -0.149588 -2.78203 0.783886 0.5 0.865456 0.055391 -0.497914
2.52701 0.001605 -4.67299 0.700553 0.5 0.500101 0.051056 -0.864461
4.18258 1.45767 -2.26475 0.783886 0.416667 0.827715 0.316724 -0.463221
4.3769 -0.149588 -2.78203 0.783886 0.5 0.865456 0.055391 -0.497914
2.41481 1.83428 -3.9522 0.700553 0.416667 0.478782 0.32792 -0.814393
4.18258 1.45767 -2.26475 0.783886 0.416667 0.827715 0.316724 -0.463221
5.05401 -0.356121 -0.198936 0.86722 0.5 0.998095 0.061671 0.001784
4.3769 -0.149588 -2.78203 0.783886 0.5 0.865456 0.055391 -0.497914
4.82963 0.973253 0.060055 0.86722 0.416667 0.953186 0.302042 0.014373
5.05401 -0.356121 -0.198936 0.86722 0.5 0.998095 0.061671 0.001784
4.18258 1.45767 -2.26475 0.783886 0.416667 0.827715 0.316724 -0.463221
4.82963 0.973253 0.060055 0.86722 0.416667 0.953186 0.302042 0.014373
4.3769 -0.562053 2.18245 0.950553 0.5 0.863208 0.068435 0.500189
5.05401 -0.356121 -0.198936 0.86722 0.5 0.998095 0.061671 0.001784
4.18258 0.675228 2.3888 0.950553 0.416667 0.823109 0.288186 0.489326
4.3769 -0.562053 2.18245 0.950553 0.5 0.863208 0.068435 0.500189
4.82963 0.973253 0.060055 0.86722 0.416667 0.953186 0.302042 0.014373
3.75 1.68389 2.49586 -0.049447 0.333333 0.713244 0.534616 0.453287
2.41481 0.457259 4.08572 0.033886 0.416667 0.474155 0.278661 0.83518
4.18258 0.675228 2.3888 -0.049447 0.416667 0.823109 0.288186 0.489326
2.16506 1.41781 4.03762 0.033886 0.333333 0.411101 0.514059 0.752821
2.41481 0.457259 4.08572 0.033886 0.416667 0.474155 0.278661 0.83518
3.75 1.68389 2.49586 -0.049447 0.333333 0.713244 0.534616 0.453287
2.16506 1.41781 4.03762 0.033886 0.333333 0.411101 0.514059 0.752821
0 0.377519 4.70519 0.11722 0.416667 0 0.275321 0.961352
2.41481 0.457259 4.08572 0.033886 0.416667 0.474155 0.278661 0.83518
0 1.3205 4.59914 0.11722 0.333333 0 0.506598 0.862182
0 0.377519 4.70519 0.11722 0.416667 0 0.275321 0.961352
2.16506 1.41781 4.03762 0.033886 0.333333 0.411101 0.514059 0.752821
0 0.377519 4.70519 0.11722 0.416667 0 0.275321 0.961352
-2.16506 1.41781 4.03762 0.200553 0.333333 -0.411101 0.514059 0.752821
-2.41481 0.457259 4.08572 0.200553 0.416667 -0.474155 0.278661 0.83518
0 1.3205 4.59914 0.11722 0.333333 0 0.506598 0.862182
-2.16506 1.41781 4.03762 0.200553 0.333333 -0.411101 0.514059 0.752821
0 0.377519 4.70519 0.11722 0.416667 0 0.275321 0.961352
-2.41481 0.457259 4.08572 0.200553 0.416667 -0.474155 0.278661 0.83518
-3.75 1.68389 2.49586 0.283886 0.333333 -0.713244 0.534616 0.453287
-4.18258 0.675228 2.3888 0.283886 0.416667 -0.823109 0.288186 0.489326
-2.16506 1.41781 4.03762 0.200553 0.333333 -0.411101 0.514059 0.752821
-3.75 1.68389 2.49586 0.283886 0.333333 -0.713244 0.534616 0.453287
-2.41481 0.457259 4.08572 0.200553 0.416667 -0.474155 0.278661 0.83518
-4.18258 0.675228 2.3888 0.283886 0.416667 -0.823109 0.288186 0.489326
-4.33013 2.04723 0.377121 0.36722 0.333333 -0.825323 0.563059 0.042497
-4.82963 0.973253 0.060055 0.36722 0.416667 -0.953186 0.302042 0.014373
-3.75 1.68389 2.49586 0.283886 0.333333 -0.713244 0.534616 0.453287
-4.33013 2.04723 0.377121 0.36722 0.333333 -0.825323 0.563059 0.042497
-4.18258 0.675228 2.3888 0.283886 0.416667 -0.823109 0.288186 0.489326
-4.82963 0.973253 0.060055 0.36722 0.416667 -0.953186 0.302042 0.014373
-3.75 2.64674 -1.52485 0.450553 0.333333 -0.716133 0.591855 -0.369948
-4.18258 1.45767 -2.26475 0.450553 0.416667 -0.827715 0.316724 -0.463221
-4.33013 2.04723 0.377121 0.36722 0.333333 -0.825323 0.563059 0.042497
-3.75 2.64674 -1.52485 0.450553 0.333333 -0.716133 0.591855 -0.369948
-4.82963 0.973253 0.060055 0.36722 0.416667 -0.953186 0.302042 0.014373
-4.18258 1.45767 -2.26475 0.450553 0.416667 -0.827715 0.316724 -0.463221
-2.16506 3.07597 -2.84608 0.533886 0.333333 -0.414005 0.613123 -0.672816
-2.41481 1.83428 -3.9522 0.533886 0.416667 -0.478782 0.32792 -0.814393
-3.75 2.64674 -1.52485 0.450553 0.333333 -0.716133 0.591855 -0.369948
-2.16506 3.07597 -2.84608 0.533886 0.333333 -0.414005 0.613123 -0.672816
-4.18258 1.45767 -2.26475 0.450553 0.416667 -0.827715 0.316724 -0.463221
-2.41481 1.83428 -3.9522 0.533886 0.416667 -0.478782 0.32792 -0.814393
0 3.22745 -3.31706 0.61722 0.333333 -0 0.620943 -0.783856
0 1.97633 -4.56679 0.61722 0.416667 0 0.332102 -0.943243
-2.16506 3.07597 -2.84608 0.533886 0.333333 -0.414005 0.613123 -0.672816
0 3.22745 -3.31706 0.61722 0.333333 -0 0.620943 -0.783856
-2.41481 1.83428 -3.9522 0.533886 0.416667 -0.478782 0.32792 -0.814393
0 3.22745 -3.31706 0.61722 0.333333 -0 0.620943 -0.783856
2.41481 1.83428 -3.9522 0.700553 0.416667 0.478782 0.32792 -0.814393
0 1.97633 -4.56679 0.61722 0.416667 0 0.332102 -0.943243
2.16506 3.07597 -2.84608 0.700553 0.333333 0.414005 0.613123 -0.672816
2.41481 1.83428 -3.9522 0.700553 0.416667 0.478782 0.32792 -0.814393
0 3.22745 -3.31706 0.61722 0.333333 -0 0.620943 -0.783856
2.16506 3.07597 -2.84608 0.700553 0.333333 0.414005 0.613123 -0.672816
4.18258 1.45767 -2.26475 0.783886 0.416667 0.827715 0.316724 -0.463221
2.41481 1.83428 -3.9522 0.700553 0.416667 0.478782 0.32792 -0.814393
3.75 2.64674 -1.52485 0.783886 0.333333 0.716133 0.591855 -0.369948
4.18258 1.45767 -2.26475 0.783886 0.416667 0.827715 0.316724 -0.463221
2.16506 3.07597 -2.84608 0.700553 0.333333 0.414005 0.613123 -0.672816
3.75 2.64674 -1.52485 0.783886 0.333333 0.716133 0.591855 -0.369948
4.82963 0.973253 0.060055 0.86722 0.416667 0.953186 0.302042 0.014373
4.18258 1.45767 -2.26475 0.783886 0.416667 0.827715 0.316724 -0.463221
4.33013 2.04723 0.377121 0.86722 0.333333 0.825323 0.563059 0.042497
4.82963 0.973253 0.060055 0.86722 0.416667 0.953186 0.302042 0.014373
3.75 2.64674 -1.52485 0.783886 0.333333 0.716133 0.591855 -0.369948
4.33013 2.04723 0.377121 0.86722 0.333333 0.825323 0.563059 0.042497
4.18258 0.675228 2.3888 0.950553 0.416667 0.823109 0.288186 0.489326
4.82963 0.973253 0.060055 0.86722 0.416667 0.953186 0.302042 0.014373
3.75 1.68389 2.49586 0.950553 0.333333 0.713244 0.534616 0.453287
4.18258 0.675228 2.3888 0.950553 0.416667 0.823109 0.288186 0.489326
4.33013 2.04723 0.377121 0.86722 0.333333 0.825323 0.563059 0.042497
3.06186 2.52044 2.29686 -0.049447 0.25 0.530613 0.761764 0.371706
2.16506 1.41781 4.03762 0.033886 0.333333 0.411101 0.514059 0.752821
3.75 1.68389 2.49586 -0.049447 0.333333 0.713244 0.534616 0.453287
1.76777 2.28554 3.54374 0.033886 0.25 0.30635 0.74291 0.595176
2.16506 1.41781 4.03762 0.033886 0.333333 0.411101 0.514059 0.752821
3.06186 2.52044 2.29686 -0.049447 0.25 0.530613 0.761764 0.371706
1.76777 2.28554 3.54374 0.033886 0.25 0.30635 0.74291 0.595176
0 1.3205 4.59914 0.11722 0.333333 0 0.506598 0.862182
2.16506 1.41781 4.03762 0.033886 0.333333 0.411101 0.514059 0.752821
0 2.20136 4.00215 0.11722 0.25 0 0.736009 0.676971
0 1.3205 4.59914 0.11722 0.333333 0 0.506598 0.862182
1.76777 2.28554 3.54374 0.033886 0.25 0.30635 0.74291 0.595176
0 2.20136 4.00215 0.11722 0.25 0 0.736009 0.676971
-2.16506 1.41781 4.03762 0.200553 0.333333 -0.411101 0.514059 0.752821
0 1.3205 4.59914 0.11722 0.333333 0 0.506598 0.862182
-1.76777 2.28554 3.54374 0.200553 0.25 -0.30635 0.74291 0.595176
-2.16506 1.41781 4.03762 0.200553 0.333333 -0.411101 0.514059 0.752821
0 2.20136 4.00215 0.11722 0.25 0 0.736009 0.676971
-1.76777 2.28554 3.54374 0.200553 0.25 -0.30635 0.74291 0.595176
-3.75 1.68389 2.49586 0.283886 0.333333 -0.713244 0.534616 0.453287
-2.16506 1.41781 4.03762 0.200553 0.333333 -0.411101 0.514059 0.752821
-3.06186 2.52044 2.29686 0.283886 0.25 -0.530613 0.761764 0.371706
-3.75 1.68389 2.49586 0.283886 0.333333 -0.713244 0.534616 0.453287
-1.76777 2.28554 3.54374 0.200553 0.25 -0.30635 0.74291 0.595176
-3.06186 2.52044 2.29686 0.283886 0.25 -0.530613 0.761764 0.371706
-4.33013 2.04723 0.377121 0.36722 0.333333 -0.825323 0.563059 0.042497
-3.75 1.68389 2.49586 0.283886 0.333333 -0.713244 0.534616 0.453287
-3.53553 2.853 0.606714 0.36722 0.25 -0.612699 0.787518 0.066441
-4.33013 2.04723 0.377121 0.36722 0.333333 -0.825323 0.563059 0.042497
-3.06186 2.52044 2.29686 0.283886 0.25 -0.530613 0.761764 0.371706
-3.53553 2.853 0.606714 0.36722 0.25 -0.612699 0.787518 0.066441
-3.75 2.64674 -1.52485 0.450553 0.333333 -0.716133 0.591855 -0.369948
-4.33013 2.04723 0.377121 0.36722 0.333333 -0.825323 0.563059 0.042497
-3.06186 3.27273 -0.809367 0.450553 0.25 -0.530613 0.813273 -0.238824
-3.75 2.64674 -1.52485 0.450553 0.333333 -0.716133 0.591855 -0.369948
-3.53553 2.853 0.606714 0.36722 0.25 -0.612699 0.787518 0.066441
-3.06186 3.27273 -0.809367 0.450553 0.25 -0.530613 0.813273 -0.238824
-2.16506 3.07597 -2.84608 0.533886 0.333333 -0.414005 0.613123 -0.672816
-3.75 2.64674 -1.52485 0.450553 0.333333 -0.716133 0.591855 -0.369948
-1.76777 3.57351 -1.77676 0.533886 0.25 -0.30635 0.832127 -0.462293
-2.16506 3.07597 -2.84608 0.533886 0.333333 -0.414005 0.613123 -0.672816
-3.06186 3.27273 -0.809367 0.450553 0.25 -0.530613 0.813273 -0.238824
-1.76777 3.57351 -1.77676 0.533886 0.25 -0.30635 0.832127 -0.462293
0 3.22745 -3.31706 0.61722 0.333333 -0 0.620943 -0.783856
-2.16506 3.07597 -2.84608 0.533886 0.333333 -0.414005 0.613123 -0.672816
0 3.67984 -2.12243 0.61722 0.25 0 0.839028 -0.544089
0 3.22745 -3.31706 0.61722 0.333333 -0 0.620943 -0.783856
-1.76777 3.57351 -1.77676 0.533886 0.25 -0.30635 0.832127 -0.462293
0 3.67984 -2.12243 0.61722 0.25 0 0.839028 -0.544089
2.16506 3.07597 -2.84608 0.700553 0.333333 0.414005 0.613123 -0.672816
0 3.22745 -3.31706 0.61722 0.333333 -0 0.620943 -0.783856
1.76777 3.57351 -1.77676 0.700553 0.25 0.30635 0.832127 -0.462293
2.16506 3.07597 -2.84608 0.700553 0.333333 0.414005 0.613123 -0.672816
0 3.67984 -2.12243 0.61722 0.25 0 0.839028 -0.544089
1.76777 3.57351 -1.77676 0.700553 0.25 0.30635 0.832127 -0.462293
3.75 2.64674 -1.52485 0.783886 0.333333 0.716133 0.591855 -0.369948
2.16506 3.07597 -2.84608 0.700553 0.333333 0.414005 0.613123 -0.672816
3.06186 3.27273 -0.809367 0.783886 0.25 0.530613 0.813273 -0.238824
3.75 2.64674 -1.52485 0.783886 0.333333 0.716133 0.591855 -0.369948
1.76777 3.57351 -1.77676 0.700553 0.25 0.30635 0.832127 -0.462293
3.06186 3.27273 -0.809367 0.783886 0.25 0.530613 0.813273 -0.238824
4.33013 2.04723 0.377121 0.86722 0.333333 0.825323 0.563059 0.042497
3.75 2.64674 -1.52485 0.783886 0.333333 0.716133 0.591855 -0.369948
3.53553 2.853 0.606714 0.86722 0.25 0.612699 0.787518 0.066441
4.33013 2.04723 0.377121 0.86722 0.333333 0.825323 0.563059 0.042497
3.06186 3.27273 -0.809367 0.783886 0.25 0.530613 0.813273 -0.238824
3.53553 2.853 0.606714 0.86722 0.25 0.612699 0.787518 0.066441
3.75 1.68389 2.49586 0.950553 0.333333 0.713244 0.534616 0.453287
4.33013 2.04723 0.377121 0.86722 0.333333 0.825323 0.563059 0.042497
3.06186 2.52044 2.29686 0.950553 0.25 0.530613 0.761764 0.371706
3.75 1.68389 2.49586 0.950553 0.333333 0.713244 0.534616 0.453287
3.53553 2.853 0.606714 0.86722 0.25 0.612699 0.787518 0.066441
2.16506 3.17741 1.94283 -0.049447 0.166667 0.344327 0.8976 0.275232
1.76777 2.28554 3.54374 0.033886 0.25 0.30635 0.74291 0.595176
3.06186 2.52044 2.29686 -0.049447 0.25 0.530613 0.761764 0.371706
1.25 2.99476 2.80591 0.033886 0.166667 0.198798 0.885365 0.420247
1.76777 2.28554 3.54374 0.033886 0.25 0.30635 0.74291 0.595176
2.16506 3.17741 1.94283 -0.049447 0.166667 0.344327 0.8976 0.275232
1.25 2.99476 2.80591 0.033886 0.166667 0.198798 0.885365 0.420247
0 2.20136 4.00215 0.11722 0.25 0 0.736009 0.676971
1.76777 2.28554 3.54374 0.033886 0.25 0.30635 0.74291 0.595176
0 2.92881 3.12284 0.11722 0.166667 0 0.880887 0.473326
0 2.20136 4.00215 0.11722 0.25 0 0.736009 0.676971
1.25 2.99476 2.80591 0.033886 0.166667 0.198798 0.885365 0.420247
0 2.92881 3.12284 0.11722 0.166667 0 0.880887 0.473326
-1.76777 2.28554 3.54374 0.200553 0.25 -0.30635 0.74291 0.595176
0 2.20136 4.00215 0.11722 0.25 0 0.736009 0.676971
-1.25 2.99476 2.80591 0.200553 0.166667 -0.198797 0.885365 0.420247
-1.76777 2.28554 3.54374 0.200553 0.25 -0.30635 0.74291 0.595176
0 2.92881 3.12284 0.11722 0.166667 0 0.880887 0.473326
-1.25 2.99476 2.80591 0.200553 0.166667 -0.198797 0.885365 0.420247
-3.06186 2.52044 2.29686 0.283886 0.25 -0.530613 0.761764 0.371706
-1.76777 2.28554 3.54374 0.200553 0.25 -0.30635 0.74291 0.595176
-2.16506 3.17741 1.94283 0.283886 0.166667 -0.344327 0.8976 0.275232
-3.06186 2.52044 2.29686 0.283886 0.25 -0.530613 0.761764 0.371706
-1.25 2.99476 2.80591 0.200553 0.166667 -0.198797 0.885365 0.420247
-2.16506 3.17741 1.94283 0.283886 0.166667 -0.344327 0.8976 0.275232
-3.53553 2.853 0.606714 0.36722 0.25 -0.612699 0.787518 0.066441
-3.06186 2.52044 2.29686 0.283886 0.25 -0.530613 0.761764 0.371706
-2.5 3.43276 0.770395 0.36722 0.166667 -0.397595 0.914313 0.077139
-3.53553 2.853 0.606714 0.36722 0.25 -0.612699 0.787518 0.066441
-2.16506 3.17741 1.94283 0.283886 0.166667 -0.344327 0.8976 0.275232
-2.5 3.43276 0.770395 0.36722 0.166667 -0.397595 0.914313 0.077139
-3.06186 3.27273 -0.809367 0.450553 0.25 -0.530613 0.813273 -0.238824
-3.53553 2.853 0.606714 0.36722 0.25 -0.612699 0.787518 0.066441
-2.16506 3.7001 -0.185885 0.450553 0.166667 -0.344327 0.931026 -0.120955
-3.06186 3.27273 -0.809367 0.450553 0.25 -0.530613 0.813273 -0.238824
-2.5 3.43276 0.770395 0.36722 0.166667 -0.397595 0.914313 0.077139
-2.16506 3.7001 -0.185885 0.450553 0.166667 -0.344327 0.931026 -0.120955
-1.76777 3.57351 -1.77676 0.533886 0.25 -0.30635 0.832127 -0.462293
-3.06186 3.27273 -0.809367 0.450553 0.25 -0.530613 0.813273 -0.238824
-1.25 3.89001 -0.818888 0.533886 0.166667 -0.198797 0.94326 -0.26597
-1.76777 3.57351 -1.77676 0.533886 0.25 -0.30635 0.832127 -0.462293
-2.16506 3.7001 -0.185885 0.450553 0.166667 -0.344327 0.931026 -0.120955
-1.25 3.89001 -0.818888 0.533886 0.166667 -0.198797 0.94326 -0.26597
0 3.67984 -2.12243 0.61722 0.25 0 0.839028 -0.544089
-1.76777 3.57351 -1.77676 0.533886 0.25 -0.30635 0.832127 -0.462293
0 3.95765 -1.04638 0.61722 0.166667 -0 0.947738 -0.319049
0 3.67984 -2.12243 0.61722 0.25 0 0.839028 -0.544089
-1.25 3.89001 -0.818888 0.533886 0.166667 -0.198797 0.94326 -0.26597
0 3.95765 -1.04638 0.61722 0.166667 -0 0.947738 -0.319049
1.76777 3.57351 -1.77676 0.700553 0.25 0.30635 0.832127 -0.462293
0 3.67984 -2.12243 0.61722 0.25 0 0.839028 -0.544089
1.25 3.89001 -0.818888 0.700553 0.166667 0.198797 0.94326 -0.26597
1.76777 3.57351 -1.77676 0.700553 0.25 0.30635 0.832127 -0.462293
0 3.95765 -1.04638 0.61722 0.166667 -0 0.947738 -0.319049
1.25 3.89001 -0.818888 0.700553 0.166667 0.198797 0.94326 -0.26597
3.06186 3.27273 -0.809367 0.783886 0.25 0.530613 0.813273 -0.238824
1.76777 3.57351 -1.77676 0.700553 0.25 0.30635 0.832127 -0.462293
2.16506 3.7001 -0.185885 0.783886 0.166667 0.344327 0.931026 -0.120955
3.06186 3.27273 -0.809367 0.783886 0.25 0.530613 0.813273 -0.238824
1.25 3.89001 -0.818888 0.700553 0.166667 0.198797 0.94326 -0.26597
2.16506 3.7001 -0.185885 0.783886 0.166667 0.344327 0.931026 -0.120955
3.53553 2.853 0.606714 0.86722 0.25 0.612699 0.787518 0.066441
3.06186 3.27273 -0.809367 0.783886 0.25 0.530613 0.813273 -0.238824
2.5 3.43276 0.770395 0.86722 0.166667 0.397595 0.914313 0.077139
3.53553 2.853 0.606714 0.86722 0.25 0.612699 0.787518 0.066441
2.16506 3.7001 -0.185885 0.783886 0.166667 0.344327 0.931026 -0.120955
2.5 3.43276 0.770395 0.86722 0.166667 0.397595 0.914313 0.077139
3.06186 2.52044 2.29686 0.950553 0.25 0.530613 0.761764 0.371706
3.53553 2.853 0.606714 0.86722 0.25 0.612699 0.787518 0.066441
2.16506 3.17741 1.94283 0.950553 0.166667 0.344327 0.8976 0.275232
3.06186 2.52044 2.29686 0.950553 0.25 0.530613 0.761764 0.371706
2.5 3.43276 0.770395 0.86722 0.166667 0.397595 0.914313 0.077139
1.12072 3.65731 1.4715 -0.049447 0.083333 0.170646 0.968641 0.180595
1.25 2.99476 2.80591 0.033886 0.166667 0.198798 0.885365 0.420247
2.16506 3.17741 1.94283 -0.049447 0.166667 0.344327 0.8976 0.275232
0.647048 3.5566 1.91135 0.033886 0.083333 0.098523 0.962577 0.252464
1.25 2.99476 2.80591 0.033886 0.166667 0.198798 0.885365 0.420247
1.12072 3.65731 1.4715 -0.049447 0.083333 0.170646 0.968641 0.180595
0.647048 3.5566 1.91135 0.033886 0.083333 0.098523 0.962577 0.252464
0 2.92881 3.12284 0.11722 0.166667 0 0.880887 0.473326
1.25 2.99476 2.80591 0.033886 0.166667 0.198798 0.885365 0.420247
0 3.51998 2.07261 0.11722 0.083333 0 0.960358 0.278769
0 2.92881 3.12284 0.11722 0.166667 0 0.880887 0.473326
0.647048 3.5566 1.91135 0.033886 0.083333 0.098523 0.962577 0.252464
0 3.51998 2.07261 0.11722 0.083333 0 0.960358 0.278769
-1.25 2.99476 2.80591 0.200553 0.166667 -0.198797 0.885365 0.420247
0 2.92881 3.12284 0.11722 0.166667 0 0.880887 0.473326
-0.647048 3.5566 1.91135 0.200553 0.083333 -0.098523 0.962577 0.252464
-1.25 2.99476 2.80591 0.200553 0.166667 -0.198797 0.885365 0.420247
0 3.51998 2.07261 0.11722 0.083333 0 0.960358 0.278769
-0.647048 3.5566 1.91135 0.200553 0.083333 -0.098523 0.962577 0.252464
-2.16506 3.17741 1.94283 0.283886 0.166667 -0.344327 0.8976 0.275232
-1.25 2.99476 2.80591 0.200553 0.166667 -0.198797 0.885365 0.420247
-1.12072 3.65731 1.4715 0.283886 0.083333 -0.170646 0.968641 0.180595
-2.16506 3.17741 1.94283 0.283886 0.166667 -0.344327 0.8976 0.275232
-0.647048 3.5566 1.91135 0.200553 0.083333 -0.098523 0.962577 0.252464
-1.12072 3.65731 1.4715 0.283886 0.083333 -0.170646 0.968641 0.180595
-2.5 3.43276 0.770395 0.36722 0.166667 -0.397595 0.914313 0.077139
-2.16506 3.17741 1.94283 0.283886 0.166667 -0.344327 0.8976 0.275232
-1.2941 3.79644 0.87242 0.36722 0.083333 -0.197046 0.976924 0.08242
-2.5 3.43276 0.770395 0.36722 0.166667 -0.397595 0.914313 0.077139
-1.12072 3.65731 1.4715 0.283886 0.083333 -0.170646 0.968641 0.180595
-1.2941 3.79644 0.87242 0.36722 0.083333 -0.197046 0.976924 0.08242
-2.16506 3.7001 -0.185885 0.450553 0.166667 -0.344327 0.931026 -0.120955
-2.5 3.43276 0.770395 0.36722 0.166667 -0.397595 0.914313 0.077139
-1.12072 3.93125 0.352975 0.450553 0.083333 -0.170646 0.985206 -0.015753
-2.16506 3.7001 -0.185885 0.450553 0.166667 -0.344327 0.931026 -0.120955
-1.2941 3.79644 0.87242 0.36722 0.083333 -0.197046 0.976924 0.08242
-1.12072 3.93125 0.352975 0.450553 0.083333 -0.170646 0.985206 -0.015753
-1.25 3.89001 -0.818888 0.533886 0.166667 -0.198797 0.94326 -0.26597
-2.16506 3.7001 -0.185885 0.450553 0.166667 -0.344327 0.931026 -0.120955
-0.647048 4.02376 0.038309 0.533886 0.083333 -0.098523 0.99127 -0.087621
-1.25 3.89001 -0.818888 0.533886 0.166667 -0.198797 0.94326 -0.26597
-1.12072 3.93125 0.352975 0.450553 0.083333 -0.170646 0.985206 -0.015753
-0.647048 4.02376 0.038309 0.533886 0.083333 -0.098523 0.99127 -0.087621
0 3.95765 -1.04638 0.61722 0.166667 -0 0.947738 -0.319049
-1.25 3.89001 -0.818888 0.533886 0.166667 -0.198797 0.94326 -0.26597
0 4.05712 -0.075739 0.61722 0.083333 -0 0.993489 -0.113927
0 3.95765 -1.04638 0.61722 0.166667 -0 0.947738 -0.319049
-0.647048 4.02376 0.038309 0.533886 0.083333 -0.098523 0.99127 -0.087621
0 4.05712 -0.075739 0.61722 0.083333 -0 0.993489 -0.113927
1.25 3.89001 -0.818888 0.700553 0.166667 0.198797 0.94326 -0.26597
0 3.95765 -1.04638 0.61722 0.166667 -0 0.947738 -0.319049
0.647048 4.02376 0.038309 0.700553 0.083333 0.098523 0.99127 -0.087621
1.25 3.89001 -0.818888 0.700553 0.166667 0.198797 0.94326 -0.26597
0 4.05712 -0.075739 0.61722 0.083333 -0 0.993489 -0.113927
0.647048 4.02376 0.038309 0.700553 0.083333 0.098523 0.99127 -0.087621
2.16506 3.7001 -0.185885 0.783886 0.166667 0.344327 0.931026 -0.120955
1.25 3.89001 -0.818888 0.700553 0.166667 0.198797 0.94326 -0.26597
1.12072 3.93125 0.352975 0.783886 0.083333 0.170646 0.985206 -0.015753
2.16506 3.7001 -0.185885 0.783886 0.166667 0.344327 0.931026 -0.120955
0.647048 4.02376 0.038309 0.700553 0.083333 0.098523 0.99127 -0.087621
1.12072 3.93125 0.352975 0.783886 0.083333 0.170646 0.985206 -0.015753
2.5 3.43276 0.770395 0.86722 0.166667 0.397595 0.914313 0.077139
2.16506 3.7001 -0.185885 0.783886 0.166667 0.344327 0.931026 -0.120955
1.2941 3.79644 0.87242 0.86722 0.083333 0.197046 0.976924 0.08242
2.5 3.43276 0.770395 0.86722 0.166667 0.397595 0.914313 0.077139
1.12072 3.93125 0.352975 0.783886 0.083333 0.170646 0.985206 -0.015753
1.2941 3.79644 0.87242 0.86722 0.083333 0.197046 0.976924 0.08242
2.16506 3.17741 1.94283 0.950553 0.166667 0.344327 0.8976 0.275232
2.5 3.43276 0.770395 0.86722 0.166667 0.397595 0.914313 0.077139
1.12072 3.65731 1.4715 0.950553 0.083333 0.170646 0.968641 0.180595
2.16506 3.17741 1.94283 0.950553 0.166667 0.344327 0.8976 0.275232
1.2941 3.79644 0.87242 0.86722 0.083333 0.197046 0.976924 0.08242
0 -4.53373 -1.62327 -0.00778 1 0 -1 0
1.34251 -4.55556 -0.860879 -0.049447 0.916667 0.058675 -0.997702 0.033876
0.775098 -4.60994 -0.321667 0.033886 0.916667 0.033876 -0.997702 0.058675
0 -4.53373 -1.62327 0.075553 1 0 -1 0
0.775098 -4.60994 -0.321667 0.033886 0.916667 0.033876 -0.997702 0.058675
0 -4.62984 -0.124302 0.11722 0.916667 -0 -0.997702 0.067752
0 -4.53373 -1.62327 0.158886 1 0 -1 0
0 -4.62984 -0.124302 0.11722 0.916667 -0 -0.997702 0.067752
-0.775098 -4.60994 -0.321667 0.200553 0.916667 -0.033876 -0.997702 0.058675
0 -4.53373 -1.62327 0.24222 1 0 -1 0
-0.775098 -4.60994 -0.321667 0.200553 0.916667 -0.033876 -0.997702 0.058675
-1.34251 -4.55556 -0.860879 0.283886 0.916667 -0.058675 -0.997702 0.033876
0 -4.53373 -1.62327 0.325553 1 0 -1 0
-1.34251 -4.55556 -0.860879 0.283886 0.916667 -0.058675 -0.997702 0.033876
-1.5502 -4.48128 -1.59746 0.36722 0.916667 -0.067752 -0.997702 0
0 -4.53373 -1.62327 0.408886 1 0 -1 0
-1.5502 -4.48128 -1.59746 0.36722 0.916667 -0.067752 -0.997702 0
-1.34251 -4.36942 -2.23273 0.450553 0.916667 -0.058675 -0.997702 -0.033876
0 -4.53373 -1.62327 0.49222 1 0 -1 0
-1.34251 -4.36942 -2.23273 0.450553 0.916667 -0.058675 -0.997702 -0.033876
-0.775098 -4.28606 -2.69381 0.533886 0.916667 -0.033876 -0.997702 -0.058675
0 -4.53373 -1.62327 0.575553 1 0 -1 0
-0.775098 -4.28606 -2.69381 0.533886 0.916667 -0.033876 -0.997702 -0.058675
0 -4.25555 -2.86258 0.61722 0.916667 0 -0.997702 -0.067752
0 -4.53373 -1.62327 0.658886 1 0 -1 0
0 -4.25555 -2.86258 0.61722 0.916667 0 -0.997702 -0.067752
0.775098 -4.28606 -2.69381 0.700553 0.916667 0.033876 -0.997702 -0.058675
0 -4.53373 -1.62327 0.74222 1 0 -1 0
0.775098 -4.28606 -2.69381 0.700553 0.916667 0.033876 -0.997702 -0.058675
1.34251 -4.36942 -2.23273 0.783886 0.916667 0.058675 -0.997702 -0.033876
0 -4.53373 -1.62327 0.825553 1 0 -1 0
1.34251 -4.36942 -2.23273 0.783886 0.916667 0.058675 -0.997702 -0.033876
1.5502 -4.48128 -1.59746 0.86722 0.916667 0.067752 -0.997702 -0
0 -4.53373 -1.62327 0.908886 1 0 -1 0
1.5502 -4.48128 -1.59746 0.86722 0.916667 0.067752 -0.997702 -0
1.34251 -4.55556 -0.860879 0.950553 0.916667 0.058675 -0.997702 0.033876
0 3.92035 0.907066 -0.00778 0 0 0.99646 0.084069
0.647048 3.5566 1.91135 0.033886 0.083333 0.098523 0.962577 0.252464
1.12072 3.65731 1.4715 -0.049447 0.083333 0.170646 0.968641 0.180595
0 3.92035 0.907066 0.075553 0 0 0.99646 0.084069
0 3.51998 2.07261 0.11722 0.083333 0 0.960358 0.278769
0.647048 3.5566 1.91135 0.033886 0.083333 0.098523 0.962577 0.252464
0 3.92035 0.907066 0.158886 0 0 0.99646 0.084069
-0.647048 3.5566 1.91135 0.200553 0.083333 -0.098523 0.962577 0.252464
0 3.51998 2.07261 0.11722 0.083333 0 0.960358 0.278769
0 3.92035 0.907066 0.24222 0 0 0.99646 0.084069
-1.12072 3.65731 1.4715 0.283886 0.083333 -0.170646 0.968641 0.180595
-0.647048 3.5566 1.91135 0.200553 0.083333 -0.098523 0.962577 0.252464
0 3.92035 0.907066 0.325553 0 0 0.99646 0.084069
-1.2941 3.79644 0.87242 0.36722 0.083333 -0.197046 0.976924 0.08242
-1.12072 3.65731 1.4715 0.283886 0.083333 -0.170646 0.968641 0.180595
0 3.92035 0.907066 0.408886 0 0 0.99646 0.084069
-1.12072 3.93125 0.352975 0.450553 0.083333 -0.170646 0.985206 -0.015753
-1.2941 3.79644 0.87242 0.36722 0.083333 -0.197046 0.976924 0.08242
0 3.92035 0.907066 0.49222 0 0 0.99646 0.084069
-0.647048 4.02376 0.038309 0.533886 0.083333 -0.098523 0.99127 -0.087621
-1.12072 3.93125 0.352975 0.450553 0.083333 -0.170646 0.985206 -0.015753
0 3.92035 0.907066 0.575553 0 0 0.99646 0.084069
0 4.05712 -0.075739 0.61722 0.083333 -0 0.993489 -0.113927
-0.647048 4.02376 0.038309 0.533886 0.083333 -0.098523 0.99127 -0.087621
0 3.92035 0.907066 0.658886 0 0 0.99646 0.084069
0.647048 4.02376 0.038309 0.700553 0.083333 0.098523 0.99127 -0.087621
0 4.05712 -0.075739 0.61722 0.083333 -0 0.993489 -0.113927
0 3.92035 0.907066 0.74222 0 0 0.99646 0.084069
1.12072 3.93125 0.352975 0.783886 0.083333 0.170646 0.985206 -0.015753
0.647048 4.02376 0.038309 0.700553 0.083333 0.098523 0.99127 -0.087621
0 3.92035 0.907066 0.825553 0 0 0.99646 0.084069
1.2941 3.79644 0.87242 0.86722 0.083333 0.197046 0.976924 0.08242
1.12072 3.93125 0.352975 0.783886 0.083333 0.170646 0.985206 -0.015753
0 3.92035 0.907066 0.908886 0 0 0.99646 0.084069
1.12072 3.65731 1.4715 0.950553 0.083333 0.170646 0.968641 0.180595
1.2941 3.79644 0.87242 0.86722 0.083333 0.197046 0.976924 0.08242
