Vertex Count:912

Data:

2.81856 -3.73475 0.890846 -0.049447 0.833333 0.07728 -0.994003 0.077367
0.844459 -3.90424 0.685049 0.033886 0.916667 0.077281 -0.994004 0.077358
1.46265 -3.90424 0.06707 -0.049447 0.916667 0.077286 -0.994007 0.077312
1.6273 -3.73475 2.08053 0.033886 0.833333 0.077278 -0.994002 0.077381
0.844459 -3.90424 0.685049 0.033886 0.916667 0.077281 -0.994004 0.077358
2.81856 -3.73475 0.890846 -0.049447 0.833333 0.07728 -0.994003 0.077367
1.6273 -3.73475 2.08053 0.033886 0.833333 0.028101 -0.994076 0.104991
0 -3.90424 0.911245 0.11722 0.916667 0.028103 -0.994076 0.104987
0.844459 -3.90424 0.685049 0.033886 0.916667 0.028117 -0.994078 0.104968
0 -3.73475 2.51599 0.11722 0.833333 0.028096 -0.994076 0.104997
0 -3.90424 0.911245 0.11722 0.916667 0.028103 -0.994076 0.104987
1.6273 -3.73475 2.08053 0.033886 0.833333 0.028101 -0.994076 0.104991
0 -3.73475 2.51599 0.11722 0.833333 -0.028099 -0.994077 0.104985
-0.844459 -3.90424 0.685049 0.200553 0.916667 -0.028103 -0.994076 0.104987
0 -3.90424 0.911245 0.11722 0.916667 -0.028124 -0.994075 0.104996
-1.6273 -3.73475 2.08053 0.200553 0.833333 -0.028093 -0.994077 0.104982
-0.844459 -3.90424 0.685049 0.200553 0.916667 -0.028103 -0.994076 0.104987
0 -3.73475 2.51599 0.11722 0.833333 -0.028099 -0.994077 0.104985
-1.6273 -3.73475 2.08053 0.200553 0.833333 -0.077271 -0.994004 0.077358
-1.46265 -3.90424 0.06707 0.283886 0.916667 -0.07728 -0.994004 0.077357
-0.844459 -3.90424 0.685049 0.200553 0.916667 -0.077327 -0.994001 0.077353
-2.81856 -3.73475 0.890846 0.283886 0.833333 -0.077257 -0.994005 0.077359
-1.46265 -3.90424 0.06707 0.283886 0.916667 -0.07728 -0.994004 0.077357
-1.6273 -3.73475 2.08053 0.200553 0.833333 -0.077271 -0.994004 0.077358
-2.81856 -3.73475 0.890846 0.283886 0.833333 -0.106816 -0.993866 0.028654
-1.68892 -3.90424 -0.777105 0.36722 0.916667 -0.10682 -0.993866 0.028651
-1.46265 -3.90424 0.06707 0.283886 0.916667 -0.10684 -0.993864 0.028637
-3.2546 -3.73475 -0.734296 0.36722 0.833333 -0.10681 -0.993866 0.028658
-1.68892 -3.90424 -0.777105 0.36722 0.916667 -0.10682 -0.993866 0.028651
-2.81856 -3.73475 0.890846 0.283886 0.833333 -0.106816 -0.993866 0.028654
-3.2546 -3.73475 -0.734296 0.36722 0.833333 -0.108381 -0.993684 -0.029073
-1.46265 -3.90424 -1.62128 0.450553 0.916667 -0.108379 -0.993685 -0.029069
-1.68892 -3.90424 -0.777105 0.36722 0.916667 -0.108368 -0.993686 -0.029047
-2.81856 -3.73475 -2.35944 0.450553 0.833333 -0.108385 -0.993684 -0.02908
-1.46265 -3.90424 -1.62128 0.450553 0.916667 -0.108379 -0.993685 -0.029069
-3.2546 -3.73475 -0.734296 0.36722 0.833333 -0.108381 -0.993684 -0.029073
-2.81856 -3.73475 -2.35944 0.450553 0.833333 -0.080402 -0.993507 -0.080492
-0.844459 -3.90424 -2.23926 0.533886 0.916667 -0.080403 -0.993508 -0.080485
-1.46265 -3.90424 -1.62128 0.450553 0.916667 -0.080406 -0.993512 -0.080434
-1.6273 -3.73475 -3.54913 0.533886 0.833333 -0.080401 -0.993506 -0.080508
-0.844459 -3.90424 -2.23926 0.533886 0.916667 -0.080403 -0.993508 -0.080485
-2.81856 -3.73475 -2.35944 0.450553 0.833333 -0.080402 -0.993507 -0.080492
-1.6273 -3.73475 -3.54913 0.533886 0.833333 -0.029664 -0.993396 -0.110832
0 -3.90424 -2.46546 0.61722 0.916667 -0.029666 -0.993397 -0.110828
-0.844459 -3.90424 -2.23926 0.533886 0.916667 -0.029681 -0.993399 -0.110807
0 -3.73475 -3.98458 0.61722 0.833333 -0.02966 -0.993396 -0.110838
0 -3.90424 -2.46546 0.61722 0.916667 -0.029666 -0.993397 -0.110828
-1.6273 -3.73475 -3.54913 0.533886 0.833333 -0.029664 -0.993396 -0.110832
0 -3.73475 -3.98458 0.61722 0.833333 0.029662 -0.993397 -0.110826
0.844459 -3.90424 -2.23926 0.700553 0.916667 0.029666 -0.993397 -0.110827
0 -3.90424 -2.46546 0.61722 0.916667 0.029689 -0.993395 -0.110838
1.6273 -3.73475 -3.54913 0.700553 0.833333 0.029655 -0.993398 -0.110822
0.844459 -3.90424 -2.23926 0.700553 0.916667 0.029666 -0.993397 -0.110827
0 -3.73475 -3.98458 0.61722 0.833333 0.029662 -0.993397 -0.110826
1.6273 -3.73475 -3.54913 0.700553 0.833333 0.080393 -0.993509 -0.080483
1.46265 -3.90424 -1.62128 0.783886 0.916667 0.080401 -0.993508 -0.080483
0.844459 -3.90424 -2.23926 0.700553 0.916667 0.080451 -0.993504 -0.080478
2.81856 -3.73475 -2.35944 0.783886 0.833333 0.080378 -0.99351 -0.080485
1.46265 -3.90424 -1.62128 0.783886 0.916667 0.080401 -0.993508 -0.080483
1.6273 -3.73475 -3.54913 0.700553 0.833333 0.080393 -0.993509 -0.080483
2.81856 -3.73475 -2.35944 0.783886 0.833333 0.108375 -0.993685 -0.029072
1.68892 -3.90424 -0.777105 0.86722 0.916667 0.108378 -0.993685 -0.029069
1.46265 -3.90424 -1.62128 0.783886 0.916667 0.108398 -0.993683 -0.029055
3.2546 -3.73475 -0.734296 0.86722 0.833333 0.108369 -0.993685 -0.029076
1.68892 -3.90424 -0.777105 0.86722 0.916667 0.108378 -0.993685 -0.029069
2.81856 -3.73475 -2.35944 0.783886 0.833333 0.108375 -0.993685 -0.029072
3.2546 -3.73475 -0.734296 0.86722 0.833333 0.106822 -0.993865 0.028655
1.46265 -3.90424 0.06707 0.950553 0.916667 0.10682 -0.993865 0.028651
1.68892 -3.90424 -0.777105 0.86722 0.916667 0.106811 -0.993867 0.028629
2.81856 -3.73475 0.890846 0.950553 0.833333 0.106825 -0.993865 0.028661
1.46265 -3.90424 0.06707 0.950553 0.916667 0.10682 -0.993865 0.028651
3.2546 -3.73475 -0.734296 0.86722 0.833333 0.106822 -0.993865 0.028655
3.42214 -3.30987 1.34123 -0.049447 0.75 0.350128 -0.868492 0.350901
1.6273 -3.73475 2.08053 0.033886 0.833333 0.350286 -0.868207 0.351448
2.81856 -3.73475 0.890846 -0.049447 0.833333 0.350003 -0.868718 0.350467
1.97577 -3.30987 2.78207 0.033886 0.75 0.35036 -0.868073 0.351705
1.6273 -3.73475 2.08053 0.033886 0.833333 0.350286 -0.868207 0.351448
3.42214 -3.30987 1.34123 -0.049447 0.75 0.350128 -0.868492 0.350901
1.97577 -3.30987 2.78207 0.033886 0.75 0.12511 -0.874849 0.467961
0 -3.73475 2.51599 0.11722 0.833333 0.125047 -0.874718 0.468222
1.6273 -3.73475 2.08053 0.033886 0.833333 0.125164 -0.87496 0.467738
0 -3.30987 3.30945 0.11722 0.75 0.125015 -0.874652 0.468353
0 -3.73475 2.51599 0.11722 0.833333 0.125047 -0.874718 0.468222
1.97577 -3.30987 2.78207 0.033886 0.75 0.12511 -0.874849 0.467961
0 -3.30987 3.30945 0.11722 0.75 -0.125162 -0.874734 0.46816
-1.6273 -3.73475 2.08053 0.200553 0.833333 -0.124978 -0.874866 0.467963
0 -3.73475 2.51599 0.11722 0.833333 -0.125324 -0.874618 0.468334
-1.97577 -3.30987 2.78207 0.200553 0.75 -0.124884 -0.874934 0.467862
-1.6273 -3.73475 2.08053 0.200553 0.833333 -0.124978 -0.874866 0.467963
0 -3.30987 3.30945 0.11722 0.75 -0.125162 -0.874734 0.46816
-1.97577 -3.30987 2.78207 0.200553 0.75 -0.350433 -0.86824 0.351221
-2.81856 -3.73475 0.890846 0.283886 0.833333 -0.349887 -0.868532 0.351044
-1.6273 -3.73475 2.08053 0.200553 0.833333 -0.350911 -0.867984 0.351376
-3.42214 -3.30987 1.34123 0.283886 0.75 -0.349612 -0.868679 0.350954
-2.81856 -3.73475 0.890846 0.283886 0.833333 -0.349887 -0.868532 0.351044
-1.97577 -3.30987 2.78207 0.200553 0.75 -0.350433 -0.86824 0.351221
-3.42214 -3.30987 1.34123 0.283886 0.75 -0.501053 -0.854892 0.134557
-3.2546 -3.73475 -0.734296 0.36722 0.833333 -0.500737 -0.855068 0.134618
-2.81856 -3.73475 0.890846 0.283886 0.833333 -0.501317 -0.854746 0.134505
-3.95155 -3.30987 -0.626989 0.36722 0.75 -0.500588 -0.85515 0.134647
-3.2546 -3.73475 -0.734296 0.36722 0.833333 -0.500737 -0.855068 0.134618
-3.42214 -3.30987 1.34123 0.283886 0.75 -0.501053 -0.854892 0.134557
-3.95155 -3.30987 -0.626989 0.36722 0.75 -0.531332 -0.835061 -0.142684
-2.81856 -3.73475 -2.35944 0.450553 0.833333 -0.531616 -0.83484 -0.142923
-3.2546 -3.73475 -0.734296 0.36722 0.833333 -0.531116 -0.83523 -0.142501
-3.42214 -3.30987 -2.59521 0.450553 0.75 -0.531736 -0.834746 -0.143025
-2.81856 -3.73475 -2.35944 0.450553 0.833333 -0.531616 -0.83484 -0.142923
-3.95155 -3.30987 -0.626989 0.36722 0.75 -0.531332 -0.835061 -0.142684
-3.42214 -3.30987 -2.59521 0.450553 0.75 -0.411608 -0.812664 -0.412499
-1.6273 -3.73475 -3.54913 0.533886 0.833333 -0.411901 -0.812111 -0.413295
-2.81856 -3.73475 -2.35944 0.450553 0.833333 -0.411408 -0.813042 -0.411954
-1.97577 -3.30987 -4.03605 0.533886 0.75 -0.412009 -0.811906 -0.413591
-1.6273 -3.73475 -3.54913 0.533886 0.833333 -0.411901 -0.812111 -0.413295
-3.42214 -3.30987 -2.59521 0.450553 0.75 -0.411608 -0.812664 -0.412499
-1.97577 -3.30987 -4.03605 0.533886 0.75 -0.156116 -0.796695 -0.58387
0 -3.73475 -3.98458 0.61722 0.833333 -0.156036 -0.79638 -0.584322
-1.6273 -3.73475 -3.54913 0.533886 0.833333 -0.156165 -0.796891 -0.58359
0 -3.30987 -4.56343 0.61722 0.75 -0.15601 -0.796274 -0.584473
0 -3.73475 -3.98458 0.61722 0.833333 -0.156036 -0.79638 -0.584322
-1.97577 -3.30987 -4.03605 0.533886 0.75 -0.156116 -0.796695 -0.58387
0 -3.30987 -4.56343 0.61722 0.75 0.156216 -0.79641 -0.584232
1.6273 -3.73475 -3.54913 0.700553 0.833333 0.155919 -0.796722 -0.583886
0 -3.73475 -3.98458 0.61722 0.833333 0.156392 -0.796226 -0.584436
1.97577 -3.30987 -4.03605 0.700553 0.75 0.155824 -0.796822 -0.583775
1.6273 -3.73475 -3.54913 0.700553 0.833333 0.155919 -0.796722 -0.583886
0 -3.30987 -4.56343 0.61722 0.75 0.156216 -0.79641 -0.584232
1.97577 -3.30987 -4.03605 0.700553 0.75 0.412105 -0.812173 -0.412972
2.81856 -3.73475 -2.35944 0.783886 0.833333 0.411308 -0.81271 -0.412708
1.6273 -3.73475 -3.54913 0.700553 0.833333 0.412583 -0.811849 -0.41313
3.42214 -3.30987 -2.59521 0.783886 0.75 0.411042 -0.81289 -0.41262
2.81856 -3.73475 -2.35944 0.783886 0.833333 0.411308 -0.81271 -0.412708
1.97577 -3.30987 -4.03605 0.700553 0.75 0.412105 -0.812173 -0.412972
3.42214 -3.30987 -2.59521 0.783886 0.75 0.531619 -0.834867 -0.14275
3.2546 -3.73475 -0.734296 0.86722 0.833333 0.531262 -0.835081 -0.142831
2.81856 -3.73475 -2.35944 0.783886 0.833333 0.531851 -0.834728 -0.142698
3.95155 -3.30987 -0.626989 0.86722 0.75 0.531129 -0.83516 -0.142862
3.2546 -3.73475 -0.734296 0.86722 0.833333 0.531262 -0.835081 -0.142831
3.42214 -3.30987 -2.59521 0.783886 0.75 0.531619 -0.834867 -0.14275
3.95155 -3.30987 -0.626989 0.86722 0.75 0.500813 -0.855044 0.134484
2.81856 -3.73475 0.890846 0.950553 0.833333 0.501043 -0.854875 0.134703
3.2546 -3.73475 -0.734296 0.86722 0.833333 0.500648 -0.855166 0.134326
3.42214 -3.30987 1.34123 0.950553 0.75 0.50114 -0.854804 0.134795
2.81856 -3.73475 0.890846 0.950553 0.833333 0.501043 -0.854875 0.134703
3.95155 -3.30987 -0.626989 0.86722 0.75 0.500813 -0.855044 0.134484
3.88149 -2.49075 1.8013 -0.049447 0.666667 0.55289 -0.620706 0.55591
1.97577 -3.30987 2.78207 0.033886 0.75 0.553014 -0.619409 0.557233
3.42214 -3.30987 1.34123 -0.049447 0.75 0.552797 -0.621676 0.554919
2.24098 -2.49075 3.42749 0.033886 0.666667 0.55308 -0.618703 0.557951
1.97577 -3.30987 2.78207 0.033886 0.75 0.553014 -0.619409 0.557233
3.88149 -2.49075 1.8013 -0.049447 0.666667 0.55289 -0.620706 0.55591
2.24098 -2.49075 3.42749 0.033886 0.666667 0.196804 -0.644848 0.738539
0 -3.30987 3.30945 0.11722 0.75 0.196555 -0.644253 0.739124
1.97577 -3.30987 2.78207 0.033886 0.75 0.197007 -0.645334 0.73806
0 -2.49075 4.02272 0.11722 0.666667 0.19641 -0.643904 0.739467
0 -3.30987 3.30945 0.11722 0.75 0.196555 -0.644253 0.739124
2.24098 -2.49075 3.42749 0.033886 0.666667 0.196804 -0.644848 0.738539
0 -2.49075 4.02272 0.11722 0.666667 -0.196916 -0.644301 0.738986
-1.97577 -3.30987 2.78207 0.200553 0.75 -0.196417 -0.644906 0.738591
0 -3.30987 3.30945 0.11722 0.75 -0.197344 -0.643781 0.739325
-2.24098 -2.49075 3.42749 0.200553 0.666667 -0.196113 -0.645273 0.738351
-1.97577 -3.30987 2.78207 0.200553 0.75 -0.196417 -0.644906 0.738591
0 -2.49075 4.02272 0.11722 0.666667 -0.196916 -0.644301 0.738986
-2.24098 -2.49075 3.42749 0.200553 0.666667 -0.553537 -0.619492 0.556621
-3.42214 -3.30987 1.34123 0.283886 0.75 -0.552225 -0.620849 0.556412
-1.97577 -3.30987 2.78207 0.200553 0.75 -0.554673 -0.618313 0.556801
-3.88149 -2.49075 1.8013 0.283886 0.666667 -0.551427 -0.621673 0.556283
-3.42214 -3.30987 1.34123 0.283886 0.75 -0.552225 -0.620849 0.556412
-2.24098 -2.49075 3.42749 0.200553 0.666667 -0.553537 -0.619492 0.556621
-3.88149 -2.49075 1.8013 0.283886 0.666667 -0.795237 -0.567176 0.214266
-3.95155 -3.30987 -0.626989 0.36722 0.75 -0.794575 -0.568005 0.214526
-3.42214 -3.30987 1.34123 0.283886 0.75 -0.795787 -0.566485 0.214049
-4.48196 -2.49075 -0.42011 0.36722 0.666667 -0.79419 -0.568486 0.214677
-3.95155 -3.30987 -0.626989 0.36722 0.75 -0.794575 -0.568005 0.214526
-3.88149 -2.49075 1.8013 0.283886 0.666667 -0.795237 -0.567176 0.214266
-4.48196 -2.49075 -0.42011 0.36722 0.666667 -0.843001 -0.487611 -0.227122
-3.42214 -3.30987 -2.59521 0.450553 0.75 -0.843442 -0.486564 -0.227732
-3.95155 -3.30987 -0.626989 0.36722 0.75 -0.842665 -0.488409 -0.226657
-3.88149 -2.49075 -2.64152 0.450553 0.666667 -0.843674 -0.486011 -0.228053
-3.42214 -3.30987 -2.59521 0.450553 0.75 -0.843442 -0.486564 -0.227732
-4.48196 -2.49075 -0.42011 0.36722 0.666667 -0.843001 -0.487611 -0.227122
-3.88149 -2.49075 -2.64152 0.450553 0.666667 -0.646995 -0.397811 -0.650495
-1.97577 -3.30987 -4.03605 0.533886 0.75 -0.647018 -0.395264 -0.652023
-3.42214 -3.30987 -2.59521 0.450553 0.75 -0.646976 -0.399532 -0.649459
-2.24098 -2.49075 -4.26771 0.533886 0.666667 -0.647027 -0.394089 -0.652725
-1.97577 -3.30987 -4.03605 0.533886 0.75 -0.647018 -0.395264 -0.652023
-3.88149 -2.49075 -2.64152 0.450553 0.666667 -0.646995 -0.397811 -0.650495
-2.24098 -2.49075 -4.26771 0.533886 0.666667 -0.242643 -0.335167 -0.910378
0 -3.30987 -4.56343 0.61722 0.75 -0.242214 -0.333767 -0.911006
-1.97577 -3.30987 -4.03605 0.533886 0.75 -0.2429 -0.336009 -0.909999
0 -2.49075 -4.86294 0.61722 0.666667 -0.24204 -0.333198 -0.911261
0 -3.30987 -4.56343 0.61722 0.75 -0.242214 -0.333767 -0.911006
-2.24098 -2.49075 -4.26771 0.533886 0.666667 -0.242643 -0.335167 -0.910378
0 -2.49075 -4.86294 0.61722 0.666667 0.242776 -0.333867 -0.91082
1.97577 -3.30987 -4.03605 0.700553 0.75 0.242073 -0.335241 -0.910502
0 -3.30987 -4.56343 0.61722 0.75 0.243167 -0.333102 -0.910996
2.24098 -2.49075 -4.26771 0.700553 0.666667 0.241806 -0.335762 -0.910381
1.97577 -3.30987 -4.03605 0.700553 0.75 0.242073 -0.335241 -0.910502
0 -2.49075 -4.86294 0.61722 0.666667 0.242776 -0.333867 -0.91082
2.24098 -2.49075 -4.26771 0.700553 0.666667 0.647752 -0.395493 -0.651155
3.42214 -3.30987 -2.59521 0.783886 0.75 0.646187 -0.397913 -0.651235
1.97577 -3.30987 -4.03605 0.700553 0.75 0.648619 -0.394148 -0.651108
3.88149 -2.49075 -2.64152 0.783886 0.666667 0.645579 -0.398851 -0.651265
3.42214 -3.30987 -2.59521 0.783886 0.75 0.646187 -0.397913 -0.651235
2.24098 -2.49075 -4.26771 0.700553 0.666667 0.647752 -0.395493 -0.651155
3.88149 -2.49075 -2.64152 0.783886 0.666667 0.843518 -0.486671 -0.227218
3.95155 -3.30987 -0.626989 0.86722 0.75 0.842852 -0.48765 -0.227593
3.42214 -3.30987 -2.59521 0.783886 0.75 0.843916 -0.486085 -0.226994
4.48196 -2.49075 -0.42011 0.86722 0.666667 0.842566 -0.488069 -0.227753
3.95155 -3.30987 -0.626989 0.86722 0.75 0.842852 -0.48765 -0.227593
3.88149 -2.49075 -2.64152 0.783886 0.666667 0.843518 -0.486671 -0.227218
4.48196 -2.49075 -0.42011 0.86722 0.666667 0.794755 -0.567914 0.2141
3.42214 -3.30987 1.34123 0.950553 0.75 0.795147 -0.567139 0.214697
3.95155 -3.30987 -0.626989 0.86722 0.75 0.794491 -0.568433 0.2137
3.88149 -2.49075 1.8013 0.950553 0.666667 0.795338 -0.566761 0.214987
3.42214 -3.30987 1.34123 0.950553 0.75 0.795147 -0.567139 0.214697
4.48196 -2.49075 -0.42011 0.86722 0.666667 0.794755 -0.567914 0.2141
4.13772 -1.5139 2.18029 -0.049447 0.583333 0.639448 -0.416575 0.646198
2.24098 -2.49075 3.42749 0.033886 0.666667 0.639309 -0.414101 0.647924
3.88149 -2.49075 1.8013 -0.049447 0.666667 0.639529 -0.418055 0.645161
2.38891 -1.5139 3.90331 0.033886 0.583333 0.639235 -0.412838 0.648802
2.24098 -2.49075 3.42749 0.033886 0.666667 0.639309 -0.414101 0.647924
4.13772 -1.5139 2.18029 -0.049447 0.583333 0.639448 -0.416575 0.646198
2.38891 -1.5139 3.90331 0.033886 0.583333 0.228433 -0.453328 0.861575
0 -2.49075 4.02272 0.11722 0.666667 0.227991 -0.452158 0.862307
2.24098 -2.49075 3.42749 0.033886 0.666667 0.228718 -0.454082 0.861103
0 -1.5139 4.53398 0.11722 0.583333 0.227752 -0.451525 0.862702
0 -2.49075 4.02272 0.11722 0.666667 0.227991 -0.452158 0.862307
2.38891 -1.5139 3.90331 0.033886 0.583333 0.228433 -0.453328 0.861575
0 -1.5139 4.53398 0.11722 0.583333 -0.22857 -0.452195 0.862134
-2.24098 -2.49075 3.42749 0.200553 0.666667 -0.227839 -0.453385 0.861703
0 -2.49075 4.02272 0.11722 0.666667 -0.229069 -0.451382 0.862428
-2.38891 -1.5139 3.90331 0.200553 0.583333 -0.227424 -0.454059 0.861458
-2.24098 -2.49075 3.42749 0.200553 0.666667 -0.227839 -0.453385 0.861703
0 -1.5139 4.53398 0.11722 0.583333 -0.22857 -0.452195 0.862134
-2.38891 -1.5139 3.90331 0.200553 0.583333 -0.640187 -0.414134 0.647034
-3.88149 -2.49075 1.8013 0.283886 0.666667 -0.638493 -0.416733 0.64704
-2.24098 -2.49075 3.42749 0.200553 0.666667 -0.641378 -0.412298 0.647027
-4.13772 -1.5139 2.18029 0.283886 0.583333 -0.637499 -0.418251 0.64704
-3.88149 -2.49075 1.8013 0.283886 0.666667 -0.638493 -0.416733 0.64704
-2.38891 -1.5139 3.90331 0.200553 0.583333 -0.640187 -0.414134 0.647034
-4.13772 -1.5139 2.18029 0.283886 0.583333 -0.909411 -0.335137 0.246282
-4.48196 -2.49075 -0.42011 0.36722 0.666667 -0.908732 -0.33663 0.246753
-3.88149 -2.49075 1.8013 0.283886 0.666667 -0.909887 -0.334088 0.245951
-4.77782 -1.5139 -0.173397 0.36722 0.583333 -0.908332 -0.337505 0.247029
-4.48196 -2.49075 -0.42011 0.36722 0.666667 -0.908732 -0.33663 0.246753
-4.13772 -1.5139 2.18029 0.283886 0.583333 -0.909411 -0.335137 0.246282
-4.77782 -1.5139 -0.173397 0.36722 0.583333 -0.941642 -0.219738 -0.255001
-3.88149 -2.49075 -2.64152 0.450553 0.666667 -0.941837 -0.218024 -0.255751
-4.48196 -2.49075 -0.42011 0.36722 0.666667 -0.941509 -0.220887 -0.254498
-4.13772 -1.5139 -2.52709 0.450553 0.583333 -0.941945 -0.217063 -0.25617
-3.88149 -2.49075 -2.64152 0.450553 0.666667 -0.941837 -0.218024 -0.255751
-4.77782 -1.5139 -0.173397 0.36722 0.583333 -0.941642 -0.219738 -0.255001
-4.13772 -1.5139 -2.52709 0.450553 0.583333 -0.699941 -0.098649 -0.707355
-2.24098 -2.49075 -4.26771 0.533886 0.666667 -0.699183 -0.09494 -0.708611
-3.88149 -2.49075 -2.64152 0.450553 0.666667 -0.700404 -0.100943 -0.706572
-2.38891 -1.5139 -4.25011 0.533886 0.583333 -0.698791 -0.093043 -0.709249
-2.24098 -2.49075 -4.26771 0.533886 0.666667 -0.699183 -0.09494 -0.708611
-4.13772 -1.5139 -2.52709 0.450553 0.583333 -0.699941 -0.098649 -0.707355
-2.38891 -1.5139 -4.25011 0.533886 0.583333 -0.256251 -0.020397 -0.966395
0 -2.49075 -4.86294 0.61722 0.666667 -0.255542 -0.018521 -0.966621
-2.24098 -2.49075 -4.26771 0.533886 0.666667 -0.25665 -0.021453 -0.966266
0 -1.5139 -4.88078 0.61722 0.583333 -0.255214 -0.017655 -0.966723
0 -2.49075 -4.86294 0.61722 0.666667 -0.255542 -0.018521 -0.966621
-2.38891 -1.5139 -4.25011 0.533886 0.583333 -0.256251 -0.020397 -0.966395
0 -1.5139 -4.88078 0.61722 0.583333 0.256277 -0.018601 -0.966424
2.24098 -2.49075 -4.26771 0.700553 0.666667 0.255521 -0.020438 -0.966587
0 -2.49075 -4.86294 0.61722 0.666667 0.256669 -0.017648 -0.966338
2.38891 -1.5139 -4.25011 0.700553 0.583333 0.255196 -0.021226 -0.966656
2.24098 -2.49075 -4.26771 0.700553 0.666667 0.255521 -0.020438 -0.966587
0 -1.5139 -4.88078 0.61722 0.583333 0.256277 -0.018601 -0.966424
2.38891 -1.5139 -4.25011 0.700553 0.583333 0.700244 -0.095161 -0.707533
3.88149 -2.49075 -2.64152 0.783886 0.666667 0.698884 -0.098664 -0.708398
2.24098 -2.49075 -4.26771 0.700553 0.666667 0.700922 -0.093404 -0.707095
4.13772 -1.5139 -2.52709 0.783886 0.583333 0.698308 -0.100138 -0.708759
3.88149 -2.49075 -2.64152 0.783886 0.666667 0.698884 -0.098664 -0.708398
2.38891 -1.5139 -4.25011 0.700553 0.583333 0.700244 -0.095161 -0.707533
4.13772 -1.5139 -2.52709 0.783886 0.583333 0.942002 -0.218142 -0.255041
4.48196 -2.49075 -0.42011 0.86722 0.666667 0.941457 -0.219731 -0.255689
3.88149 -2.49075 -2.64152 0.783886 0.666667 0.942282 -0.217324 -0.254707
4.77782 -1.5139 -0.173397 0.86722 0.583333 0.941217 -0.220427 -0.255973
4.48196 -2.49075 -0.42011 0.86722 0.666667 0.941457 -0.219731 -0.255689
4.13772 -1.5139 -2.52709 0.783886 0.583333 0.942002 -0.218142 -0.255041
4.77782 -1.5139 -0.173397 0.86722 0.583333 0.908945 -0.336527 0.246105
3.88149 -2.49075 1.8013 0.950553 0.666667 0.909236 -0.335138 0.246925
4.48196 -2.49075 -0.42011 0.86722 0.666667 0.908784 -0.337294 0.245653
4.13772 -1.5139 2.18029 0.950553 0.583333 0.909373 -0.334481 0.247312
3.88149 -2.49075 1.8013 0.950553 0.666667 0.909236 -0.335138 0.246925
4.77782 -1.5139 -0.173397 0.86722 0.583333 0.908945 -0.336527 0.246105
2.37775 -0.174107 4.15005 0.033886 0.5 0.693253 -0.124938 0.709783
2.38891 -1.5139 3.90331 0.033886 0.583333 0.694035 -0.127219 0.708611
4.11838 -0.174107 2.44996 -0.049447 0.5 0.694933 -0.129852 0.707253
0 -0.174107 4.77233 0.11722 0.5 0.249514 -0.169609 0.953402
0 -1.5139 4.53398 0.11722 0.583333 0.250117 -0.170785 0.953034
2.37775 -0.174107 4.15005 0.033886 0.5 0.250799 -0.172115 0.952615
0 -0.174107 4.77233 0.11722 0.5 -0.250847 -0.170763 0.952846
-2.38891 -1.5139 3.90331 0.200553 0.583333 -0.250069 -0.172125 0.952806
0 -1.5139 4.53398 0.11722 0.583333 -0.251559 -0.169516 0.952881
-2.37775 -0.174107 4.15005 0.200553 0.5 -0.249347 -0.173386 0.952766
-2.38891 -1.5139 3.90331 0.200553 0.583333 -0.250069 -0.172125 0.952806
0 -0.174107 4.77233 0.11722 0.5 -0.250847 -0.170763 0.952846
-2.37775 -0.174107 4.15005 0.200553 0.5 -0.695135 -0.127105 0.707554
-4.13772 -1.5139 2.18029 0.283886 0.583333 -0.693839 -0.129924 0.708313
-2.38891 -1.5139 3.90331 0.200553 0.583333 -0.696387 -0.124364 0.706809
-4.11838 -0.174107 2.44996 0.283886 0.5 -0.692546 -0.132719 0.709059
-4.13772 -1.5139 2.18029 0.283886 0.583333 -0.693839 -0.129924 0.708313
-2.37775 -0.174107 4.15005 0.200553 0.5 -0.695135 -0.127105 0.707554
-4.11838 -0.174107 2.44996 0.283886 0.5 -0.963973 -0.040342 0.262922
-4.77782 -1.5139 -0.173397 0.36722 0.583333 -0.963726 -0.041792 0.2636
-4.13772 -1.5139 2.18029 0.283886 0.583333 -0.964223 -0.038862 0.262229
-4.75549 -0.174107 0.127588 0.36722 0.5 -0.963463 -0.043321 0.264315
-4.77782 -1.5139 -0.173397 0.36722 0.583333 -0.963726 -0.041792 0.2636
-4.11838 -0.174107 2.44996 0.283886 0.5 -0.963973 -0.040342 0.262922
-4.75549 -0.174107 0.127588 0.36722 0.5 -0.961944 0.076316 -0.262373
-4.13772 -1.5139 -2.52709 0.450553 0.583333 -0.96165 0.07775 -0.263028
-4.77782 -1.5139 -0.173397 0.36722 0.583333 -0.962247 0.074827 -0.261691
-4.11838 -0.174107 -2.19478 0.450553 0.5 -0.961332 0.079288 -0.26373
-4.13772 -1.5139 -2.52709 0.450553 0.583333 -0.96165 0.07775 -0.263028
-4.75549 -0.174107 0.127588 0.36722 0.5 -0.961944 0.076316 -0.262373
-4.11838 -0.174107 -2.19478 0.450553 0.5 -0.688525 0.186374 -0.700855
-2.38891 -1.5139 -4.25011 0.533886 0.583333 -0.687162 0.189075 -0.701469
-4.13772 -1.5139 -2.52709 0.450553 0.583333 -0.689901 0.183632 -0.700226
-2.37775 -0.174107 -3.89488 0.533886 0.5 -0.685746 0.191867 -0.702097
-2.38891 -1.5139 -4.25011 0.533886 0.583333 -0.687162 0.189075 -0.701469
-4.11838 -0.174107 -2.19478 0.450553 0.5 -0.688525 0.186374 -0.700855
-2.37775 -0.174107 -3.89488 0.533886 0.5 -0.246395 0.251468 -0.935977
0 -1.5139 -4.88078 0.61722 0.583333 -0.245628 0.252727 -0.93584
-2.38891 -1.5139 -4.25011 0.533886 0.583333 -0.247132 0.250257 -0.936108
0 -0.174107 -4.51715 0.61722 0.5 -0.244882 0.253951 -0.935704
0 -1.5139 -4.88078 0.61722 0.583333 -0.245628 0.252727 -0.93584
-2.37775 -0.174107 -3.89488 0.533886 0.5 -0.246395 0.251468 -0.935977
2.37775 -0.174107 -3.89488 0.700553 0.5 0.245118 0.250372 -0.936606
2.38891 -1.5139 -4.25011 0.700553 0.583333 0.245697 0.251493 -0.936154
0 -0.174107 -4.51715 0.61722 0.5 0.246326 0.252714 -0.93566
4.11838 -0.174107 -2.19478 0.783886 0.5 0.686757 0.184308 -0.703133
4.13772 -1.5139 -2.52709 0.783886 0.583333 0.68745 0.186502 -0.701876
2.37775 -0.174107 -3.89488 0.700553 0.5 0.68823 0.188987 -0.700445
4.75549 -0.174107 0.127588 0.86722 0.5 0.961631 0.075294 -0.263812
4.77782 -1.5139 -0.173397 0.86722 0.583333 0.961736 0.076406 -0.263109
4.11838 -0.174107 -2.19478 0.783886 0.5 0.961855 0.077692 -0.262295
4.11838 -0.174107 2.44996 0.950553 0.5 0.963623 -0.0393 0.264359
4.13772 -1.5139 2.18029 0.950553 0.583333 0.963767 -0.040428 0.263666
4.75549 -0.174107 0.127588 0.86722 0.5 0.963931 -0.041737 0.26286
3.84566 1.0661 2.62681 -0.049447 0.416667 0.695839 0.055837 0.716024
2.37775 -0.174107 4.15005 0.033886 0.5 0.692682 0.062637 0.718518
4.11838 -0.174107 2.44996 -0.049447 0.5 0.697798 0.051569 0.714436
2.22286 0.993197 4.18748 0.033886 0.416667 0.689952 0.068441 0.720612
2.37775 -0.174107 4.15005 0.033886 0.5 0.692682 0.062637 0.718518
3.84566 1.0661 2.62681 -0.049447 0.416667 0.695839 0.055837 0.716024
2.22286 0.993197 4.18748 0.033886 0.416667 0.252203 0.004561 0.967664
0 -0.174107 4.77233 0.11722 0.5 0.250544 0.007925 0.968073
2.37775 -0.174107 4.15005 0.033886 0.5 0.253181 0.002574 0.967416
0 0.966513 4.76004 0.11722 0.416667 0.249305 0.010434 0.968369
0 -0.174107 4.77233 0.11722 0.5 0.250544 0.007925 0.968073
2.22286 0.993197 4.18748 0.033886 0.416667 0.252203 0.004561 0.967664
-2.22286 0.993197 4.18748 0.200553 0.416667 -0.249412 0.002043 0.968395
-2.37775 -0.174107 4.15005 0.200553 0.5 -0.250588 0.004661 0.968083
0 0.966513 4.76004 0.11722 0.416667 -0.252145 0.008136 0.967655
-3.84566 1.0661 2.62681 0.283886 0.416667 -0.691189 0.049181 0.720999
-4.11838 -0.174107 2.44996 0.283886 0.5 -0.693132 0.05584 0.718644
-2.22286 0.993197 4.18748 0.200553 0.416667 -0.695277 0.063341 0.715945
-4.43356 1.16569 0.503364 0.36722 0.416667 -0.950595 0.152593 0.27034
-4.75549 -0.174107 0.127588 0.36722 0.5 -0.950449 0.159383 0.266917
-3.84566 1.0661 2.62681 0.283886 0.416667 -0.950279 0.165199 0.263969
-3.83349 1.26528 -1.61029 0.450553 0.416667 -0.925673 0.284485 -0.249396
-4.11838 -0.174107 -2.19478 0.450553 0.5 -0.92434 0.287586 -0.25078
-4.43356 1.16569 0.503364 0.36722 0.416667 -0.923478 0.289574 -0.251666
-2.21069 1.33818 -3.15138 0.533886 0.416667 -0.642111 0.394183 -0.657506
-2.37775 -0.174107 -3.89488 0.533886 0.5 -0.642139 0.394146 -0.6575
-3.83349 1.26528 -1.61029 0.450553 0.416667 -0.642153 0.394127 -0.657497
0 1.36487 -3.71415 0.61722 0.416667 -0.225327 0.450698 -0.86377
0 -0.174107 -4.51715 0.61722 0.5 -0.225668 0.450305 -0.863886
-2.21069 1.33818 -3.15138 0.533886 0.416667 -0.225826 0.450122 -0.86394
0 1.36487 -3.71415 0.61722 0.416667 0.225807 0.450321 -0.863841
2.37775 -0.174107 -3.89488 0.700553 0.5 0.225686 0.450148 -0.863963
0 -0.174107 -4.51715 0.61722 0.5 0.226019 0.450624 -0.863628
2.21069 1.33818 -3.15138 0.700553 0.416667 0.225431 0.449784 -0.86422
2.37775 -0.174107 -3.89488 0.700553 0.5 0.225686 0.450148 -0.863963
0 1.36487 -3.71415 0.61722 0.416667 0.225807 0.450321 -0.863841
2.21069 1.33818 -3.15138 0.700553 0.416667 0.642149 0.394147 -0.65749
4.11838 -0.174107 -2.19478 0.783886 0.5 0.642143 0.39413 -0.657505
2.37775 -0.174107 -3.89488 0.700553 0.5 0.642157 0.39417 -0.657469
3.83349 1.26528 -1.61029 0.783886 0.416667 0.642133 0.3941 -0.657533
4.11838 -0.174107 -2.19478 0.783886 0.5 0.642143 0.39413 -0.657505
2.21069 1.33818 -3.15138 0.700553 0.416667 0.642149 0.394147 -0.65749
3.83349 1.26528 -1.61029 0.783886 0.416667 0.923999 0.287611 -0.252002
4.75549 -0.174107 0.127588 0.86722 0.5 0.923874 0.289261 -0.250569
4.11838 -0.174107 -2.19478 0.783886 0.5 0.924128 0.285855 -0.253524
4.43356 1.16569 0.503364 0.86722 0.416667 0.923685 0.291645 -0.248494
4.75549 -0.174107 0.127588 0.86722 0.5 0.923874 0.289261 -0.250569
3.83349 1.26528 -1.61029 0.783886 0.416667 0.923999 0.287611 -0.252002
4.43356 1.16569 0.503364 0.86722 0.416667 0.951302 0.159485 0.263798
4.11838 -0.174107 2.44996 0.950553 0.5 0.949581 0.164446 0.266935
4.75549 -0.174107 0.127588 0.86722 0.5 0.952622 0.155604 0.261341
3.84566 1.0661 2.62681 0.950553 0.416667 0.947666 0.169841 0.270338
4.11838 -0.174107 2.44996 0.950553 0.5 0.949581 0.164446 0.266935
4.43356 1.16569 0.503364 0.86722 0.416667 0.951302 0.159485 0.263798
3.39116 2.1024 2.74092 -0.049447 0.333333 0.667462 0.223379 0.71035
2.22286 0.993197 4.18748 0.033886 0.416667 0.659445 0.236178 0.713689
3.84566 1.0661 2.62681 -0.049447 0.416667 0.671656 0.216558 0.708506
1.96225 1.96445 4.08997 0.033886 0.333333 0.65251 0.247007 0.716392
2.22286 0.993197 4.18748 0.033886 0.416667 0.659445 0.236178 0.713689
3.39116 2.1024 2.74092 -0.049447 0.333333 0.667462 0.223379 0.71035
1.96225 1.96445 4.08997 0.033886 0.333333 0.242763 0.164577 0.956023
0 0.966513 4.76004 0.11722 0.416667 0.239402 0.170999 0.955744
2.22286 0.993197 4.18748 0.033886 0.416667 0.24434 0.161553 0.956137
0 1.91396 4.58598 0.11722 0.333333 0.237013 0.175542 0.955515
0 0.966513 4.76004 0.11722 0.416667 0.239402 0.170999 0.955744
1.96225 1.96445 4.08997 0.033886 0.333333 0.242763 0.164577 0.956023
-1.96225 1.96445 4.08997 0.200553 0.333333 -0.238035 0.160046 0.95798
-2.22286 0.993197 4.18748 0.200553 0.416667 -0.239824 0.164916 0.956706
0 1.91396 4.58598 0.11722 0.333333 -0.24229 0.171653 0.954898
-3.39116 2.1024 2.74092 0.283886 0.333333 -0.660348 0.210229 0.720933
-3.84566 1.0661 2.62681 0.283886 0.416667 -0.662231 0.223562 0.715171
-1.96225 1.96445 4.08997 0.200553 0.333333 -0.664165 0.238385 0.70856
-3.90385 2.29084 0.91242 0.36722 0.333333 -0.902805 0.320971 0.286218
-4.43356 1.16569 0.503364 0.36722 0.416667 -0.899551 0.33691 0.278029
-3.39116 2.1024 2.74092 0.283886 0.333333 -0.8968 0.349287 0.271566
-3.37051 2.47929 -0.899513 0.450553 0.333333 -0.867101 0.452553 -0.208164
-3.83349 1.26528 -1.61029 0.450553 0.416667 -0.860003 0.463902 -0.212579
-3.90385 2.29084 0.91242 0.36722 0.333333 -0.856134 0.469938 -0.214925
-1.9416 2.61724 -2.21544 0.533886 0.333333 -0.592628 0.553131 -0.585524
-2.21069 1.33818 -3.15138 0.533886 0.416667 -0.587703 0.558283 -0.585598
-3.37051 2.47929 -0.899513 0.450553 0.333333 -0.585689 0.560373 -0.58562
0 2.66773 -2.69488 0.61722 0.333333 -0.205996 0.602955 -0.770721
0 1.36487 -3.71415 0.61722 0.416667 -0.204679 0.604225 -0.770077
-1.9416 2.61724 -2.21544 0.533886 0.333333 -0.204206 0.604681 -0.769844
0 2.66773 -2.69488 0.61722 0.333333 0.204282 0.604132 -0.770255
2.21069 1.33818 -3.15138 0.700553 0.416667 0.204622 0.604553 -0.769835
0 1.36487 -3.71415 0.61722 0.416667 0.203583 0.603266 -0.771119
1.9416 2.61724 -2.21544 0.700553 0.333333 0.205561 0.605715 -0.76867
2.21069 1.33818 -3.15138 0.700553 0.416667 0.204622 0.604553 -0.769835
0 2.66773 -2.69488 0.61722 0.333333 0.204282 0.604132 -0.770255
1.9416 2.61724 -2.21544 0.700553 0.333333 0.586553 0.558079 -0.586943
3.83349 1.26528 -1.61029 0.783886 0.416667 0.587074 0.559758 -0.584821
2.21069 1.33818 -3.15138 0.700553 0.416667 0.585678 0.555281 -0.59046
3.37051 2.47929 -0.899513 0.783886 0.333333 0.588304 0.563765 -0.579714
3.83349 1.26528 -1.61029 0.783886 0.416667 0.587074 0.559758 -0.584821
1.9416 2.61724 -2.21544 0.700553 0.333333 0.586553 0.558079 -0.586943
3.37051 2.47929 -0.899513 0.783886 0.333333 0.859045 0.463775 -0.21669
4.43356 1.16569 0.503364 0.86722 0.416667 0.857858 0.468338 -0.211517
3.83349 1.26528 -1.61029 0.783886 0.416667 0.860366 0.45847 -0.222657
3.90385 2.29084 0.91242 0.86722 0.333333 0.855648 0.476377 -0.202315
4.43356 1.16569 0.503364 0.86722 0.416667 0.857858 0.468338 -0.211517
3.37051 2.47929 -0.899513 0.783886 0.333333 0.859045 0.463775 -0.21669
3.90385 2.29084 0.91242 0.86722 0.333333 0.901575 0.336963 0.271327
3.84566 1.0661 2.62681 0.950553 0.416667 0.895806 0.346699 0.278087
4.43356 1.16569 0.503364 0.86722 0.416667 0.90579 0.329639 0.266238
3.39116 2.1024 2.74092 0.950553 0.333333 0.888702 0.358262 0.286106
3.84566 1.0661 2.62681 0.950553 0.416667 0.895806 0.346699 0.278087
3.90385 2.29084 0.91242 0.86722 0.333333 0.901575 0.336963 0.271327
2.72949 2.98287 2.64363 -0.049447 0.25 0.567192 0.501018 0.653662
1.96225 1.96445 4.08997 0.033886 0.333333 0.565367 0.50275 0.653913
3.39116 2.1024 2.74092 -0.049447 0.333333 0.568702 0.49958 0.65345
1.57878 2.87024 3.72058 0.033886 0.25 0.562873 0.505106 0.654249
1.96225 1.96445 4.08997 0.033886 0.333333 0.565367 0.50275 0.653913
2.72949 2.98287 2.64363 -0.049447 0.25 0.567192 0.501018 0.653662
1.57878 2.87024 3.72058 0.033886 0.25 0.208277 0.44455 0.871204
0 1.91396 4.58598 0.11722 0.333333 0.207472 0.445577 0.870871
1.96225 1.96445 4.08997 0.033886 0.333333 0.208859 0.443806 0.871444
0 2.82901 4.11625 0.11722 0.25 0.206485 0.446836 0.870461
0 1.91396 4.58598 0.11722 0.333333 0.207472 0.445577 0.870871
1.57878 2.87024 3.72058 0.033886 0.25 0.208277 0.44455 0.871204
0 2.82901 4.11625 0.11722 0.25 -0.208087 0.44582 0.8706
-1.96225 1.96445 4.08997 0.200553 0.333333 -0.207617 0.444733 0.871268
0 1.91396 4.58598 0.11722 0.333333 -0.208444 0.446646 0.870091
-1.57878 2.87024 3.72058 0.200553 0.25 -0.206999 0.443304 0.872143
-1.96225 1.96445 4.08997 0.200553 0.333333 -0.207617 0.444733 0.871268
0 2.82901 4.11625 0.11722 0.25 -0.208087 0.44582 0.8706
-1.57878 2.87024 3.72058 0.200553 0.25 -0.566117 0.503362 0.652793
-3.39116 2.1024 2.74092 0.283886 0.333333 -0.566105 0.501304 0.654385
-1.96225 1.96445 4.08997 0.200553 0.333333 -0.566124 0.505281 0.651303
-2.72949 2.98287 2.64363 0.283886 0.25 -0.566079 0.497993 0.65693
-3.39116 2.1024 2.74092 0.283886 0.333333 -0.566105 0.501304 0.654385
-1.57878 2.87024 3.72058 0.200553 0.25 -0.566117 0.503362 0.652793
-2.72949 2.98287 2.64363 0.283886 0.25 -0.755081 0.595567 0.274139
-3.90385 2.29084 0.91242 0.36722 0.333333 -0.755702 0.594362 0.275042
-3.39116 2.1024 2.74092 0.283886 0.333333 -0.75432 0.597037 0.273035
-3.1438 3.13673 1.18205 0.36722 0.25 -0.756964 0.591897 0.276883
-3.90385 2.29084 0.91242 0.36722 0.333333 -0.755702 0.594362 0.275042
-2.72949 2.98287 2.64363 0.283886 0.25 -0.755081 0.595567 0.274139
-3.1438 3.13673 1.18205 0.36722 0.25 -0.714542 0.685696 -0.138747
-3.37051 2.47929 -0.899513 0.450553 0.333333 -0.714768 0.685479 -0.138654
-3.90385 2.29084 0.91242 0.36722 0.333333 -0.714214 0.68601 -0.138882
-2.71572 3.2906 -0.268493 0.450553 0.25 -0.715298 0.68497 -0.138435
-3.37051 2.47929 -0.899513 0.450553 0.333333 -0.714768 0.685479 -0.138654
-3.1438 3.13673 1.18205 0.36722 0.25 -0.714542 0.685696 -0.138747
-2.71572 3.2906 -0.268493 0.450553 0.25 -0.488289 0.74634 -0.452273
-1.9416 2.61724 -2.21544 0.533886 0.333333 -0.488087 0.74649 -0.452244
-3.37051 2.47929 -0.899513 0.450553 0.333333 -0.488583 0.746123 -0.452314
-1.56502 3.40323 -1.32336 0.533886 0.25 -0.487619 0.746835 -0.452178
-1.9416 2.61724 -2.21544 0.533886 0.333333 -0.488087 0.74649 -0.452244
-2.71572 3.2906 -0.268493 0.450553 0.25 -0.488289 0.74634 -0.452273
-1.56502 3.40323 -1.32336 0.533886 0.25 -0.170553 0.774055 -0.609714
0 2.66773 -2.69488 0.61722 0.333333 -0.170435 0.774147 -0.609629
-1.9416 2.61724 -2.21544 0.533886 0.333333 -0.170713 0.773929 -0.609829
0 3.44446 -1.70799 0.61722 0.25 -0.17018 0.774348 -0.609446
0 2.66773 -2.69488 0.61722 0.333333 -0.170435 0.774147 -0.609629
-1.56502 3.40323 -1.32336 0.533886 0.25 -0.170553 0.774055 -0.609714
0 3.44446 -1.70799 0.61722 0.25 0.170522 0.774172 -0.609573
1.9416 2.61724 -2.21544 0.700553 0.333333 0.170451 0.774086 -0.609703
0 2.66773 -2.69488 0.61722 0.333333 0.170616 0.774288 -0.609399
1.56502 3.40323 -1.32336 0.700553 0.25 0.1703 0.773901 -0.60998
1.9416 2.61724 -2.21544 0.700553 0.333333 0.170451 0.774086 -0.609703
0 3.44446 -1.70799 0.61722 0.25 0.170522 0.774172 -0.609573
1.56502 3.40323 -1.32336 0.700553 0.25 0.488161 0.746522 -0.452112
3.37051 2.47929 -0.899513 0.783886 0.333333 0.488148 0.746398 -0.452328
1.9416 2.61724 -2.21544 0.700553 0.333333 0.488177 0.746691 -0.451814
2.71572 3.2906 -0.268493 0.783886 0.25 0.488121 0.746129 -0.452801
3.37051 2.47929 -0.899513 0.783886 0.333333 0.488148 0.746398 -0.452328
1.56502 3.40323 -1.32336 0.700553 0.25 0.488161 0.746522 -0.452112
2.71572 3.2906 -0.268493 0.783886 0.25 0.714767 0.685442 -0.138843
3.90385 2.29084 0.91242 0.86722 0.333333 0.714658 0.685606 -0.138594
3.37051 2.47929 -0.899513 0.783886 0.333333 0.71491 0.685227 -0.139168
3.1438 3.13673 1.18205 0.86722 0.25 0.714431 0.685947 -0.138076
3.90385 2.29084 0.91242 0.86722 0.333333 0.714658 0.685606 -0.138594
2.71572 3.2906 -0.268493 0.783886 0.25 0.714767 0.685442 -0.138843
3.1438 3.13673 1.18205 0.86722 0.25 0.756119 0.594187 0.274271
3.39116 2.1024 2.74092 0.950553 0.333333 0.75511 0.595113 0.275045
3.90385 2.29084 0.91242 0.86722 0.333333 0.757194 0.593199 0.273445
2.72949 2.98287 2.64363 0.950553 0.25 0.753375 0.596695 0.276371
3.39116 2.1024 2.74092 0.950553 0.333333 0.75511 0.595113 0.275045
3.1438 3.13673 1.18205 0.86722 0.25 0.756119 0.594187 0.274271
1.90931 3.63845 2.39214 -0.049447 0.166667 0.422958 0.734851 0.530189
1.57878 2.87024 3.72058 0.033886 0.25 0.422263 0.735221 0.53023
2.72949 2.98287 2.64363 -0.049447 0.25 0.424271 0.73415 0.53011
1.10379 3.55881 3.14012 0.033886 0.166667 0.419662 0.736601 0.53038
1.57878 2.87024 3.72058 0.033886 0.25 0.422263 0.735221 0.53023
1.90931 3.63845 2.39214 -0.049447 0.166667 0.422958 0.734851 0.530189
1.10379 3.55881 3.14012 0.033886 0.166667 0.156499 0.697983 0.698805
0 2.82901 4.11625 0.11722 0.25 0.156153 0.698251 0.698614
1.57878 2.87024 3.72058 0.033886 0.25 0.156983 0.697607 0.699071
0 3.52965 3.41463 0.11722 0.166667 0.155148 0.69903 0.698059
0 2.82901 4.11625 0.11722 0.25 0.156153 0.698251 0.698614
1.10379 3.55881 3.14012 0.033886 0.166667 0.156499 0.697983 0.698805
0 3.52965 3.41463 0.11722 0.166667 -0.156382 0.698436 0.698378
-1.57878 2.87024 3.72058 0.200553 0.25 -0.156195 0.698143 0.698713
0 2.82901 4.11625 0.11722 0.25 -0.156655 0.698861 0.697891
-1.10379 3.55881 3.14012 0.200553 0.166667 -0.155615 0.697235 0.699748
-1.57878 2.87024 3.72058 0.200553 0.25 -0.156195 0.698143 0.698713
0 3.52965 3.41463 0.11722 0.166667 -0.156382 0.698436 0.698378
-1.10379 3.55881 3.14012 0.200553 0.166667 -0.42235 0.735625 0.5296
-2.72949 2.98287 2.64363 0.283886 0.25 -0.422377 0.735144 0.530246
-1.57878 2.87024 3.72058 0.200553 0.25 -0.422293 0.736624 0.528256
-1.90931 3.63845 2.39214 0.283886 0.166667 -0.422491 0.73305 0.533048
-2.72949 2.98287 2.64363 0.283886 0.25 -0.422377 0.735144 0.530246
-1.10379 3.55881 3.14012 0.200553 0.166667 -0.42235 0.735625 0.5296
-1.90931 3.63845 2.39214 0.283886 0.166667 -0.56014 0.791929 0.243089
-3.1438 3.13673 1.18205 0.36722 0.25 -0.560333 0.791703 0.24338
-2.72949 2.98287 2.64363 0.283886 0.25 -0.559439 0.792747 0.242035
-2.20071 3.74725 1.37517 0.36722 0.166667 -0.561723 0.790069 0.245476
-3.1438 3.13673 1.18205 0.36722 0.25 -0.560333 0.791703 0.24338
-1.90931 3.63845 2.39214 0.283886 0.166667 -0.56014 0.791929 0.243089
-2.20071 3.74725 1.37517 0.36722 0.166667 -0.532918 0.843482 -0.067357
-2.71572 3.2906 -0.268493 0.450553 0.25 -0.533017 0.843423 -0.06731
-3.1438 3.13673 1.18205 0.36722 0.25 -0.53239 0.843795 -0.06761
-1.90243 3.85605 0.363722 0.450553 0.166667 -0.534027 0.842822 -0.066827
-2.71572 3.2906 -0.268493 0.450553 0.25 -0.533017 0.843423 -0.06731
-2.20071 3.74725 1.37517 0.36722 0.166667 -0.532918 0.843482 -0.067357
-1.90243 3.85605 0.363722 0.450553 0.166667 -0.369221 0.876439 -0.309079
-1.56502 3.40323 -1.32336 0.533886 0.25 -0.369242 0.87643 -0.309081
-2.71572 3.2906 -0.268493 0.450553 0.25 -0.369123 0.876484 -0.309072
-1.09691 3.93569 -0.37321 0.533886 0.166667 -0.369429 0.876346 -0.309096
-1.56502 3.40323 -1.32336 0.533886 0.25 -0.369242 0.87643 -0.309081
-1.90243 3.85605 0.363722 0.450553 0.166667 -0.369221 0.876439 -0.309079
-1.09691 3.93569 -0.37321 0.533886 0.166667 -0.130377 0.890929 -0.435027
0 3.44446 -1.70799 0.61722 0.25 -0.130375 0.89093 -0.435025
-1.56502 3.40323 -1.32336 0.533886 0.25 -0.130387 0.890924 -0.435033
0 3.96485 -0.642206 0.61722 0.166667 -0.130357 0.890938 -0.435013
0 3.44446 -1.70799 0.61722 0.25 -0.130375 0.89093 -0.435025
-1.09691 3.93569 -0.37321 0.533886 0.166667 -0.130377 0.890929 -0.435027
0 3.96485 -0.642206 0.61722 0.166667 0.130376 0.890931 -0.435022
1.56502 3.40323 -1.32336 0.700553 0.25 0.130375 0.89093 -0.435024
0 3.44446 -1.70799 0.61722 0.25 0.130382 0.890935 -0.435012
1.09691 3.93569 -0.37321 0.700553 0.166667 0.130364 0.890922 -0.435043
1.56502 3.40323 -1.32336 0.700553 0.25 0.130375 0.89093 -0.435024
0 3.96485 -0.642206 0.61722 0.166667 0.130376 0.890931 -0.435022
1.09691 3.93569 -0.37321 0.700553 0.166667 0.369247 0.876418 -0.30911
2.71572 3.2906 -0.268493 0.783886 0.25 0.369248 0.876425 -0.309088
1.56502 3.40323 -1.32336 0.700553 0.25 0.36924 0.876385 -0.309211
1.90243 3.85605 0.363722 0.783886 0.166667 0.369261 0.876487 -0.308897
2.71572 3.2906 -0.268493 0.783886 0.25 0.369248 0.876425 -0.309088
1.09691 3.93569 -0.37321 0.700553 0.166667 0.369247 0.876418 -0.30911
1.90243 3.85605 0.363722 0.783886 0.166667 0.533127 0.843344 -0.067429
3.1438 3.13673 1.18205 0.86722 0.25 0.533079 0.843383 -0.067324
2.71572 3.2906 -0.268493 0.783886 0.25 0.533368 0.843148 -0.067967
2.20071 3.74725 1.37517 0.86722 0.166667 0.532626 0.843749 -0.066314
3.1438 3.13673 1.18205 0.86722 0.25 0.533079 0.843383 -0.067324
1.90243 3.85605 0.363722 0.783886 0.166667 0.533127 0.843344 -0.067429
2.20071 3.74725 1.37517 0.86722 0.166667 0.560698 0.791494 0.243219
2.72949 2.98287 2.64363 0.950553 0.25 0.560391 0.791644 0.243438
3.1438 3.13673 1.18205 0.86722 0.25 0.561713 0.790996 0.242495
1.90931 3.63845 2.39214 0.950553 0.166667 0.558459 0.792586 0.24481
2.72949 2.98287 2.64363 0.950553 0.25 0.560391 0.791644 0.243438
2.20071 3.74725 1.37517 0.86722 0.166667 0.560698 0.791494 0.243219
0.981188 4.07472 2.01667 -0.049447 0.083333 0.263003 0.88733 0.37878
1.10379 3.55881 3.14012 0.033886 0.166667 0.263346 0.887259 0.37871
1.90931 3.63845 2.39214 -0.049447 0.166667 0.263844 0.887154 0.378607
0.566879 4.03349 2.39881 0.033886 0.083333 0.261346 0.887675 0.379119
1.10379 3.55881 3.14012 0.033886 0.166667 0.263346 0.887259 0.37871
0.981188 4.07472 2.01667 -0.049447 0.083333 0.263003 0.88733 0.37878
0.566879 4.03349 2.39881 0.033886 0.083333 0.097461 0.868877 0.485339
0 3.52965 3.41463 0.11722 0.166667 0.097562 0.868844 0.485379
1.10379 3.55881 3.14012 0.033886 0.166667 0.097793 0.868767 0.485469
0 4.0184 2.53888 0.11722 0.083333 0.096714 0.869125 0.485045
0 3.52965 3.41463 0.11722 0.166667 0.097562 0.868844 0.485379
0.566879 4.03349 2.39881 0.033886 0.083333 0.097461 0.868877 0.485339
0 4.0184 2.53888 0.11722 0.083333 -0.097455 0.868906 0.485288
-1.10379 3.55881 3.14012 0.200553 0.166667 -0.097519 0.868947 0.485202
0 3.52965 3.41463 0.11722 0.166667 -0.097669 0.869044 0.484999
-0.566879 4.03349 2.39881 0.200553 0.083333 -0.096955 0.868586 0.485962
-1.10379 3.55881 3.14012 0.200553 0.166667 -0.097519 0.868947 0.485202
0 4.0184 2.53888 0.11722 0.083333 -0.097455 0.868906 0.485288
-0.566879 4.03349 2.39881 0.200553 0.083333 -0.263003 0.887354 0.378726
-1.90931 3.63845 2.39214 0.283886 0.166667 -0.26304 0.887486 0.37839
-1.10379 3.55881 3.14012 0.200553 0.166667 -0.263099 0.887694 0.377862
-0.981188 4.07472 2.01667 0.283886 0.083333 -0.262797 0.886622 0.380578
-1.90931 3.63845 2.39214 0.283886 0.166667 -0.26304 0.887486 0.37839
-0.566879 4.03349 2.39881 0.200553 0.083333 -0.263003 0.887354 0.378726
-0.981188 4.07472 2.01667 0.283886 0.083333 -0.350454 0.915184 0.19905
-2.20071 3.74725 1.37517 0.36722 0.166667 -0.350293 0.915328 0.198671
-1.90931 3.63845 2.39214 0.283886 0.166667 -0.35012 0.915483 0.198261
-1.13191 4.13104 1.49594 0.36722 0.083333 -0.351085 0.914617 0.20054
-2.20071 3.74725 1.37517 0.36722 0.166667 -0.350293 0.915328 0.198671
-0.981188 4.07472 2.01667 0.283886 0.083333 -0.350454 0.915184 0.19905
-1.13191 4.13104 1.49594 0.36722 0.083333 -0.338505 0.940963 0.001826
-1.90243 3.85605 0.363722 0.450553 0.166667 -0.338301 0.941037 0.00167
-2.20071 3.74725 1.37517 0.36722 0.166667 -0.338109 0.941106 0.001522
-0.979344 4.18735 0.976692 0.450553 0.083333 -0.339201 0.940711 0.002363
-1.90243 3.85605 0.363722 0.450553 0.166667 -0.338301 0.941037 0.00167
-1.13191 4.13104 1.49594 0.36722 0.083333 -0.338505 0.940963 0.001826
-0.979344 4.18735 0.976692 0.450553 0.083333 -0.239296 0.958043 -0.157766
-1.09691 3.93569 -0.37321 0.533886 0.166667 -0.239195 0.958067 -0.157779
-1.90243 3.85605 0.363722 0.450553 0.166667 -0.239089 0.958091 -0.157793
-0.565035 4.22858 0.597514 0.533886 0.083333 -0.239669 0.957958 -0.157717
-1.09691 3.93569 -0.37321 0.533886 0.166667 -0.239195 0.958067 -0.157779
-0.979344 4.18735 0.976692 0.450553 0.083333 -0.239296 0.958043 -0.157766
-0.565035 4.22858 0.597514 0.533886 0.083333 -0.085682 0.96585 -0.244524
0 3.96485 -0.642206 0.61722 0.166667 -0.085658 0.965855 -0.244515
-1.09691 3.93569 -0.37321 0.533886 0.166667 -0.085629 0.96586 -0.244502
0 4.24367 0.458923 0.61722 0.083333 -0.085782 0.965831 -0.244566
0 3.96485 -0.642206 0.61722 0.166667 -0.085658 0.965855 -0.244515
-0.565035 4.22858 0.597514 0.533886 0.083333 -0.085682 0.96585 -0.244524
0 4.24367 0.458923 0.61722 0.083333 0.085681 0.96585 -0.244524
1.09691 3.93569 -0.37321 0.700553 0.166667 0.085665 0.965847 -0.244544
0 3.96485 -0.642206 0.61722 0.166667 0.085645 0.965842 -0.244569
0.565035 4.22858 0.597514 0.700553 0.083333 0.085751 0.965866 -0.244437
1.09691 3.93569 -0.37321 0.700553 0.166667 0.085665 0.965847 -0.244544
0 4.24367 0.458923 0.61722 0.083333 0.085681 0.96585 -0.244524
0.565035 4.22858 0.597514 0.700553 0.083333 0.239288 0.958047 -0.157759
1.90243 3.85605 0.363722 0.783886 0.166667 0.239267 0.958035 -0.157861
1.09691 3.93569 -0.37321 0.700553 0.166667 0.239244 0.958023 -0.157969
0.979344 4.18735 0.976692 0.783886 0.083333 0.239367 0.95809 -0.157374
1.90243 3.85605 0.363722 0.783886 0.166667 0.239267 0.958035 -0.157861
0.565035 4.22858 0.597514 0.700553 0.083333 0.239288 0.958047 -0.157759
0.979344 4.18735 0.976692 0.783886 0.083333 0.338468 0.940976 0.001845
2.20071 3.74725 1.37517 0.86722 0.166667 0.338542 0.94095 0.00159
1.90243 3.85605 0.363722 0.783886 0.166667 0.33861 0.940926 0.001355
1.13191 4.13104 1.49594 0.86722 0.083333 0.338224 0.941062 0.002687
2.20071 3.74725 1.37517 0.86722 0.166667 0.338542 0.94095 0.00159
0.979344 4.18735 0.976692 0.783886 0.083333 0.338468 0.940976 0.001845
1.13191 4.13104 1.49594 0.86722 0.083333 0.350405 0.915198 0.199072
1.90931 3.63845 2.39214 0.950553 0.166667 0.350713 0.915144 0.198776
2.20071 3.74725 1.37517 0.86722 0.166667 0.351022 0.91509 0.198478
0.981188 4.07472 2.01667 0.950553 0.083333 0.349324 0.915384 0.200112
1.90931 3.63845 2.39214 0.950553 0.166667 0.350713 0.915144 0.198776
1.13191 4.13104 1.49594 0.86722 0.083333 0.350405 0.915198 0.199072
0 -3.96205 -0.791705 -0.00778 1 0.024885 -0.99938 0.024893
1.46265 -3.90424 0.06707 -0.049447 0.916667 0.024885 -0.99938 0.024893
0.844459 -3.90424 0.685049 0.033886 0.916667 0.024885 -0.99938 0.024893
0 -3.96205 -0.791705 0.075553 1 0.009088 -0.999383 0.033926
0.844459 -3.90424 0.685049 0.033886 0.916667 0.009088 -0.999383 0.033926
0 -3.90424 0.911245 0.11722 0.916667 0.009088 -0.999383 0.033926
0 -3.96205 -0.791705 0.158886 1 -0.009088 -0.999383 0.033926
0 -3.90424 0.911245 0.11722 0.916667 -0.009088 -0.999383 0.033926
-0.844459 -3.90424 0.685049 0.200553 0.916667 -0.009088 -0.999383 0.033926
0 -3.96205 -0.791705 0.24222 1 -0.024885 -0.99938 0.024894
-0.844459 -3.90424 0.685049 0.200553 0.916667 -0.024885 -0.99938 0.024894
-1.46265 -3.90424 0.06707 0.283886 0.916667 -0.024885 -0.99938 0.024894
0 -3.96205 -0.791705 0.325553 1 -0.034129 -0.999376 0.009148
-1.46265 -3.90424 0.06707 0.283886 0.916667 -0.034129 -0.999376 0.009148
-1.68892 -3.90424 -0.777105 0.36722 0.916667 -0.034129 -0.999376 0.009148
0 -3.96205 -0.791705 0.408886 1 -0.034287 -0.99937 -0.009189
-1.68892 -3.90424 -0.777105 0.36722 0.916667 -0.034287 -0.99937 -0.009189
-1.46265 -3.90424 -1.62128 0.450553 0.916667 -0.034287 -0.99937 -0.009189
0 -3.96205 -0.791705 0.49222 1 -0.025201 -0.999365 -0.02521
-1.46265 -3.90424 -1.62128 0.450553 0.916667 -0.025201 -0.999364 -0.02521
-0.844459 -3.90424 -2.23926 0.533886 0.916667 -0.025201 -0.999364 -0.02521
0 -3.96205 -0.791705 0.575553 1 -0.009246 -0.999361 -0.034517
-0.844459 -3.90424 -2.23926 0.533886 0.916667 -0.009246 -0.999361 -0.034517
0 -3.90424 -2.46546 0.61722 0.916667 -0.009246 -0.999361 -0.034517
0 -3.96205 -0.791705 0.658886 1 0.009246 -0.999361 -0.034517
0 -3.90424 -2.46546 0.61722 0.916667 0.009246 -0.999361 -0.034517
0.844459 -3.90424 -2.23926 0.700553 0.916667 0.009246 -0.999361 -0.034517
0 -3.96205 -0.791705 0.74222 1 0.025201 -0.999364 -0.025211
0.844459 -3.90424 -2.23926 0.700553 0.916667 0.025201 -0.999365 -0.025211
1.46265 -3.90424 -1.62128 0.783886 0.916667 0.025201 -0.999365 -0.025211
0 -3.96205 -0.791705 0.825553 1 0.034287 -0.99937 -0.00919
1.46265 -3.90424 -1.62128 0.783886 0.916667 0.034287 -0.99937 -0.00919
1.68892 -3.90424 -0.777105 0.86722 0.916667 0.034287 -0.99937 -0.00919
0 -3.96205 -0.791705 0.908886 1 0.034129 -0.999376 0.009147
1.68892 -3.90424 -0.777105 0.86722 0.916667 0.034129 -0.999376 0.009147
1.46265 -3.90424 0.06707 0.950553 0.916667 0.034129 -0.999376 0.009147
0 4.26194 1.53702 -0.00778 0 0.088046 0.975683 0.200723
0.566879 4.03349 2.39881 0.033886 0.083333 0.088046 0.975683 0.200723
0.981188 4.07472 2.01667 -0.049447 0.083333 0.088046 0.975683 0.200723
0 4.26194 1.53702 0.075553 0 0.032481 0.97119 0.236084
0 4.0184 2.53888 0.11722 0.083333 0.032481 0.97119 0.236084
0.566879 4.03349 2.39881 0.033886 0.083333 0.032481 0.97119 0.236084
0 4.26194 1.53702 0.158886 0 -0.032481 0.97119 0.236084
-0.566879 4.03349 2.39881 0.200553 0.083333 -0.032481 0.97119 0.236084
0 4.0184 2.53888 0.11722 0.083333 -0.032481 0.97119 0.236084
0 4.26194 1.53702 0.24222 0 -0.088046 0.975683 0.200723
-0.981188 4.07472 2.01667 0.283886 0.083333 -0.088046 0.975683 0.200723
-0.566879 4.03349 2.39881 0.200553 0.083333 -0.088046 0.975683 0.200723
0 4.26194 1.53702 0.325553 0 -0.118775 0.982904 0.140682
-1.13191 4.13104 1.49594 0.36722 0.083333 -0.118775 0.982904 0.140682
-0.981188 4.07472 2.01667 0.283886 0.083333 -0.118775 0.982904 0.140682
0 4.26194 1.53702 0.408886 0 -0.117188 0.990424 0.072989
-0.979344 4.18735 0.976692 0.450553 0.083333 -0.117188 0.990424 0.072989
-1.13191 4.13104 1.49594 0.36722 0.083333 -0.117188 0.990424 0.072989
0 4.26194 1.53702 0.49222 0 -0.084823 0.996273 0.01564
-0.565035 4.22858 0.597514 0.533886 0.083333 -0.084823 0.996273 0.01564
-0.979344 4.18735 0.976692 0.450553 0.083333 -0.084823 0.996273 0.01564
0 4.26194 1.53702 0.575553 0 -0.030845 0.999381 -0.016933
0 4.24367 0.458923 0.61722 0.083333 -0.030845 0.999381 -0.016933
-0.565035 4.22858 0.597514 0.533886 0.083333 -0.030845 0.999381 -0.016933
0 4.26194 1.53702 0.658886 0 0.030845 0.999381 -0.016933
0.565035 4.22858 0.597514 0.700553 0.083333 0.030845 0.999381 -0.016933
0 4.24367 0.458923 0.61722 0.083333 0.030845 0.999381 -0.016933
0 4.26194 1.53702 0.74222 0 0.084823 0.996273 0.01564
0.979344 4.18735 0.976692 0.783886 0.083333 0.084823 0.996273 0.01564
0.565035 4.22858 0.597514 0.700553 0.083333 0.084823 0.996273 0.01564
0 4.26194 1.53702 0.825553 0 0.117188 0.990424 0.072987
1.13191 4.13104 1.49594 0.86722 0.083333 0.117188 0.990424 0.072987
0.979344 4.18735 0.976692 0.783886 0.083333 0.117188 0.990424 0.072987
0 4.26194 1.53702 0.908886 0 0.118775 0.982904 0.140682
0.981188 4.07472 2.01667 0.950553 0.083333 0.118775 0.982904 0.140682
1.13191 4.13104 1.49594 0.86722 0.083333 0.118775 0.982904 0.140682
0 1.91396 4.58598 0.11722 0.333333 -0.24229 0.171653 0.954898
-2.22286 0.993197 4.18748 0.200553 0.416667 -0.239824 0.164916 0.956706
0 0.966513 4.76004 0.11722 0.416667 -0.243602 0.175248 0.953911
-1.96225 1.96445 4.08997 0.200553 0.333333 -0.664165 0.238385 0.70856
-3.84566 1.0661 2.62681 0.283886 0.416667 -0.662231 0.223562 0.715171
-2.22286 0.993197 4.18748 0.200553 0.416667 -0.665469 0.249201 0.703598
0 0.966513 4.76004 0.11722 0.416667 -0.252145 0.008136 0.967655
-2.37775 -0.174107 4.15005 0.200553 0.5 -0.250588 0.004661 0.968083
0 -0.174107 4.77233 0.11722 0.5 -0.253168 0.010423 0.967366
-2.22286 0.993197 4.18748 0.200553 0.416667 -0.695277 0.063341 0.715945
-4.11838 -0.174107 2.44996 0.283886 0.5 -0.693132 0.05584 0.718644
-2.37775 -0.174107 4.15005 0.200553 0.5 -0.697033 0.069603 0.713653
-3.39116 2.1024 2.74092 0.283886 0.333333 -0.8968 0.349287 0.271566
-4.43356 1.16569 0.503364 0.36722 0.416667 -0.899551 0.33691 0.278029
-3.84566 1.0661 2.62681 0.283886 0.416667 -0.893573 0.362787 0.26441
-4.43356 1.16569 0.503364 0.36722 0.416667 -0.923478 0.289574 -0.251666
-4.11838 -0.174107 -2.19478 0.450553 0.5 -0.92434 0.287586 -0.25078
-4.75549 -0.174107 0.127588 0.36722 0.5 -0.922179 0.292544 -0.252989
-3.84566 1.0661 2.62681 0.283886 0.416667 -0.950279 0.165199 0.263969
-4.75549 -0.174107 0.127588 0.36722 0.5 -0.950449 0.159383 0.266917
-4.11838 -0.174107 2.44996 0.283886 0.5 -0.950039 0.171747 0.260632
-3.90385 2.29084 0.91242 0.36722 0.333333 -0.856134 0.469938 -0.214925
-3.83349 1.26528 -1.61029 0.450553 0.416667 -0.860003 0.463902 -0.212579
-4.43356 1.16569 0.503364 0.36722 0.416667 -0.849817 0.479578 -0.218668
-3.83349 1.26528 -1.61029 0.450553 0.416667 -0.642153 0.394127 -0.657497
-2.37775 -0.174107 -3.89488 0.533886 0.5 -0.642139 0.394146 -0.6575
-4.11838 -0.174107 -2.19478 0.450553 0.5 -0.64218 0.394093 -0.657492
-3.37051 2.47929 -0.899513 0.450553 0.333333 -0.585689 0.560373 -0.58562
-2.21069 1.33818 -3.15138 0.533886 0.416667 -0.587703 0.558283 -0.585598
-3.83349 1.26528 -1.61029 0.450553 0.416667 -0.581531 0.564657 -0.585649
-2.21069 1.33818 -3.15138 0.533886 0.416667 -0.225826 0.450122 -0.86394
0 -0.174107 -4.51715 0.61722 0.5 -0.225668 0.450305 -0.863886
-2.37775 -0.174107 -3.89488 0.533886 0.5 -0.226128 0.449774 -0.864043
-1.9416 2.61724 -2.21544 0.533886 0.333333 -0.204206 0.604681 -0.769844
0 1.36487 -3.71415 0.61722 0.416667 -0.204679 0.604225 -0.770077
-2.21069 1.33818 -3.15138 0.533886 0.416667 -0.203157 0.605691 -0.769329
0 -0.174107 -4.51715 0.61722 0.5 0.246326 0.252714 -0.93566
2.38891 -1.5139 -4.25011 0.700553 0.583333 0.245697 0.251493 -0.936154
0 -1.5139 -4.88078 0.61722 0.583333 0.246895 0.253818 -0.935211
2.37775 -0.174107 -3.89488 0.700553 0.5 0.68823 0.188987 -0.700445
4.13772 -1.5139 -2.52709 0.783886 0.583333 0.68745 0.186502 -0.701876
2.38891 -1.5139 -4.25011 0.700553 0.583333 0.688898 0.191127 -0.699207
4.11838 -0.174107 -2.19478 0.783886 0.5 0.961855 0.077692 -0.262295
4.77782 -1.5139 -0.173397 0.86722 0.583333 0.961736 0.076406 -0.263109
4.13772 -1.5139 -2.52709 0.783886 0.583333 0.961953 0.078772 -0.261612
4.75549 -0.174107 0.127588 0.86722 0.5 0.963931 -0.041737 0.26286
4.13772 -1.5139 2.18029 0.950553 0.583333 0.963767 -0.040428 0.263666
4.77782 -1.5139 -0.173397 0.86722 0.583333 0.964066 -0.042831 0.262186
4.11838 -0.174107 2.44996 -0.049447 0.5 0.694933 -0.129852 0.707253
2.38891 -1.5139 3.90331 0.033886 0.583333 0.694035 -0.127219 0.708611
4.13772 -1.5139 2.18029 -0.049447 0.583333 0.695687 -0.132078 0.706098
2.37775 -0.174107 4.15005 0.033886 0.5 0.250799 -0.172115 0.952615
0 -1.5139 4.53398 0.11722 0.583333 0.250117 -0.170785 0.953034
2.38891 -1.5139 3.90331 0.033886 0.583333 0.251393 -0.173274 0.952249
0 3.6201 3.68189 0.125 0.5 0.331763 -0.57947 0.744411
-0 3.55195 3.62884 0.125 0.625 0.331763 -0.57947 0.744411
1.59485 3.6192 2.97042 0 0.625 0.331763 -0.57947 0.744411
-1.62912 3.6888 3.00932 0.25 0.5 -0.331763 -0.57947 0.744411
-1.59485 3.6192 2.97042 0.25 0.625 -0.331763 -0.57947 0.744411
-0 3.55195 3.62884 0.125 0.625 -0.331763 -0.57947 0.744411
-2.30392 3.85466 1.38558 0.375 0.5 -0.793198 -0.543792 0.274093
-2.25545 3.78158 1.38083 0.375 0.625 -0.793198 -0.543792 0.274093
-1.59485 3.6192 2.97042 0.25 0.625 -0.793198 -0.543792 0.274093
-1.62912 4.02052 -0.238163 0.5 0.5 -0.783285 -0.495 -0.376084
-1.59485 3.94395 -0.208753 0.5 0.625 -0.783285 -0.495 -0.376084
-2.25545 3.78158 1.38083 0.375 0.625 -0.783285 -0.495 -0.376084
0 4.08922 -0.910738 0.625 0.5 -0.321828 -0.461548 -0.82668
-0 4.01121 -0.86718 0.625 0.625 -0.321828 -0.461548 -0.82668
-1.59485 3.94395 -0.208753 0.5 0.625 -0.321828 -0.461548 -0.82668
1.62912 4.02052 -0.238163 0.75 0.5 0.321828 -0.461546 -0.826681
1.59485 3.94395 -0.208753 0.75 0.625 0.321828 -0.461546 -0.826681
-0 4.01121 -0.86718 0.625 0.625 0.321828 -0.461546 -0.826681
2.30392 3.85466 1.38558 0.875 0.5 0.783285 -0.495 -0.376085
2.25545 3.78158 1.38083 0.875 0.625 0.783285 -0.495 -0.376085
1.59485 3.94395 -0.208753 0.75 0.625 0.783285 -0.495 -0.376085
1.62912 3.6888 3.00932 1 0.5 0.793198 -0.543792 0.274094
1.59485 3.6192 2.97042 1 0.625 0.793198 -0.543791 0.274094
2.25545 3.78158 1.38083 0.875 0.625 0.793198 -0.543792 0.274094
0 3.74779 3.51423 0.125 0.375 0.211676 0.777533 0.592145
0 3.6201 3.68189 0.125 0.5 0.211676 0.777533 0.592145
1.62912 3.6888 3.00932 0 0.5 0.211676 0.777533 0.592145
-1.50511 3.81126 2.89285 0.25 0.375 -0.211676 0.777533 0.592145
-1.62912 3.6888 3.00932 0.25 0.5 -0.211676 0.777533 0.592145
0 3.6201 3.68189 0.125 0.5 -0.211676 0.777533 0.592145
-2.12854 3.96449 1.39271 0.375 0.375 -0.515557 0.803965 0.296381
-2.30392 3.85466 1.38558 0.375 0.5 -0.515557 0.803965 0.296381
-1.62912 3.6888 3.00932 0.25 0.5 -0.515557 0.803965 0.296381
-1.50511 4.11773 -0.107432 0.5 0.375 -0.52237 0.842593 -0.13102
-1.62912 4.02052 -0.238163 0.5 0.5 -0.52237 0.842593 -0.13102
-2.30392 3.85466 1.38558 0.375 0.5 -0.52237 0.842593 -0.13102
0 4.1812 -0.728809 0.625 0.375 -0.218497 0.870865 -0.440288
0 4.08922 -0.910738 0.625 0.5 -0.218497 0.870865 -0.440288
-1.62912 4.02052 -0.238163 0.5 0.5 -0.218497 0.870865 -0.440288
1.50511 4.11773 -0.107432 0.75 0.375 0.218497 0.870865 -0.440288
1.62912 4.02052 -0.238163 0.75 0.5 0.218497 0.870865 -0.440288
0 4.08922 -0.910738 0.625 0.5 0.218497 0.870865 -0.440288
2.12854 3.96449 1.39271 0.875 0.375 0.522371 0.842593 -0.131019
2.30392 3.85466 1.38558 0.875 0.5 0.522371 0.842593 -0.131019
1.62912 4.02052 -0.238163 0.75 0.5 0.52237 0.842593 -0.131019
1.50511 3.81126 2.89285 1 0.375 0.515557 0.803965 0.29638
1.62912 3.6888 3.00932 1 0.5 0.515557 0.803965 0.29638
2.30392 3.85466 1.38558 0.875 0.5 0.515557 0.803965 0.29638
0 3.97605 3.02797 0.125 0.25 0.135987 0.896811 0.420996
0 3.74779 3.51423 0.125 0.375 0.135987 0.896811 0.420996
1.50511 3.81126 2.89285 0 0.375 0.135987 0.896811 0.420996
-1.15196 4.02463 2.55239 0.25 0.25 -0.135987 0.896811 0.420996
-1.50511 3.81126 2.89285 0.25 0.375 -0.135987 0.896811 0.420996
0 3.74779 3.51423 0.125 0.375 -0.135987 0.896811 0.420996
-1.62912 4.14191 1.40423 0.375 0.25 -0.330437 0.915172 0.230808
-2.12854 3.96449 1.39271 0.375 0.375 -0.330437 0.915172 0.230808
-1.50511 3.81126 2.89285 0.25 0.375 -0.330437 0.915172 0.230808
-1.15196 4.25919 0.256072 0.5 0.25 -0.333582 0.941766 -0.042433
-1.50511 4.11773 -0.107432 0.5 0.375 -0.333582 0.941766 -0.042433
-2.12854 3.96449 1.39271 0.375 0.375 -0.333582 0.941766 -0.042433
0 4.30778 -0.219511 0.625 0.25 -0.139134 0.961039 -0.238843
0 4.1812 -0.728809 0.625 0.375 -0.139133 0.961039 -0.238843
-1.50511 4.11773 -0.107432 0.5 0.375 -0.139134 0.961039 -0.238843
1.15196 4.25919 0.256072 0.75 0.25 0.139133 0.961039 -0.238843
1.50511 4.11773 -0.107432 0.75 0.375 0.139133 0.961039 -0.238843
0 4.1812 -0.728809 0.625 0.375 0.139133 0.961039 -0.238843
1.62912 4.14191 1.40423 0.875 0.25 0.333581 0.941766 -0.042433
2.12854 3.96449 1.39271 0.875 0.375 0.333581 0.941766 -0.042433
1.50511 4.11773 -0.107432 0.75 0.375 0.333581 0.941766 -0.042433
1.15196 4.02463 2.55239 1 0.25 0.330437 0.915172 0.230808
1.50511 3.81126 2.89285 1 0.375 0.330437 0.915172 0.230808
2.12854 3.96449 1.39271 0.875 0.375 0.330437 0.915172 0.230808
0 4.17652 2.29107 0.125 0.125 0.067525 0.96273 0.2619
0 3.97605 3.02797 0.125 0.25 0.067525 0.96273 0.2619
1.15196 4.02463 2.55239 0 0.25 0.067525 0.96273 0.2619
-0.623436 4.20281 2.03368 0.25 0.125 -0.067525 0.96273 0.2619
-1.15196 4.02463 2.55239 0.25 0.25 -0.067525 0.96273 0.2619
0 3.97605 3.02797 0.125 0.25 -0.067525 0.96273 0.2619
-0.881671 4.26628 1.4123 0.375 0.125 -0.163581 0.972242 0.167294
-1.62912 4.14191 1.40423 0.375 0.25 -0.163581 0.972242 0.167294
-1.15196 4.02463 2.55239 0.25 0.25 -0.163581 0.972242 0.167294
-0.623436 4.32975 0.790926 0.5 0.125 -0.164389 0.985864 0.032385
-1.15196 4.25919 0.256072 0.5 0.25 -0.164389 0.985864 0.032385
-1.62912 4.14191 1.40423 0.375 0.25 -0.164389 0.985864 0.032385
0 4.35604 0.533543 0.625 0.125 -0.068334 0.995619 -0.063818
0 4.30778 -0.219511 0.625 0.25 -0.068334 0.995619 -0.063818
-1.15196 4.25919 0.256072 0.5 0.25 -0.068334 0.995619 -0.063818
0.623436 4.32975 0.790926 0.75 0.125 0.068334 0.995619 -0.063818
1.15196 4.25919 0.256072 0.75 0.25 0.068334 0.995619 -0.063818
0 4.30778 -0.219511 0.625 0.25 0.068334 0.995619 -0.063818
0.881671 4.26628 1.4123 0.875 0.125 0.164389 0.985864 0.032386
1.62912 4.14191 1.40423 0.875 0.25 0.164389 0.985864 0.032386
1.15196 4.25919 0.256072 0.75 0.25 0.164389 0.985864 0.032386
0.623436 4.20281 2.03368 1 0.125 0.163581 0.972242 0.167294
1.15196 4.02463 2.55239 1 0.25 0.163581 0.972242 0.167294
1.62912 4.14191 1.40423 0.875 0.25 0.163581 0.972242 0.167294
0 4.30996 1.41514 0.0625 0 0.02048 0.988387 0.150569
0 4.17652 2.29107 0.125 0.125 0.02048 0.988387 0.150569
0.623436 4.20281 2.03368 0 0.125 0.02048 0.988388 0.150569
0 4.30996 1.41514 0.1875 0 -0.02048 0.988387 0.150569
-0.623436 4.20281 2.03368 0.25 0.125 -0.02048 0.988388 0.150569
0 4.17652 2.29107 0.125 0.125 -0.02048 0.988387 0.150569
0 4.30996 1.41514 0.3125 0 -0.049496 0.991316 0.121831
-0.881671 4.26628 1.4123 0.375 0.125 -0.049496 0.991316 0.121831
-0.623436 4.20281 2.03368 0.25 0.125 -0.049496 0.991316 0.121831
0 4.30996 1.41514 0.4375 0 -0.04957 0.995474 0.081085
-0.623436 4.32975 0.790926 0.5 0.125 -0.04957 0.995474 0.081085
-0.881671 4.26628 1.4123 0.375 0.125 -0.04957 0.995474 0.081085
0 4.30996 1.41514 0.5625 0 -0.020555 0.998425 0.052198
0 4.35604 0.533543 0.625 0.125 -0.020555 0.998425 0.052198
-0.623436 4.32975 0.790926 0.5 0.125 -0.020555 0.998425 0.052198
0 4.30996 1.41514 0.6875 0 0.020555 0.998425 0.052198
0.623436 4.32975 0.790926 0.75 0.125 0.020555 0.998425 0.052198
0 4.35604 0.533543 0.625 0.125 0.020555 0.998425 0.052198
0 4.30996 1.41514 0.8125 0 0.04957 0.995474 0.081085
0.881671 4.26628 1.4123 0.875 0.125 0.04957 0.995474 0.081085
0.623436 4.32975 0.790926 0.75 0.125 0.04957 0.995474 0.081085
0 4.30996 1.41514 0.9375 0 0.049496 0.991316 0.121831
0.623436 4.20281 2.03368 1 0.125 0.049496 0.991316 0.121831
0.881671 4.26628 1.4123 0.875 0.125 0.049496 0.991316 0.121831
