Vertex Count:912

Data:

2.91017 -3.82992 0.494792 -0.049447 0.833333 0.075142 -0.991954 0.101883
0.871366 -3.99824 0.359671 0.033886 0.916667 0.075127 -0.991934 0.102089
1.51964 -4.00208 -0.146471 -0.049447 0.916667 0.075014 -0.991786 0.103606
1.65779 -3.82473 1.47366 0.033886 0.833333 0.075175 -0.991997 0.101439
0.871366 -3.99824 0.359671 0.033886 0.916667 0.075127 -0.991934 0.102089
2.91017 -3.82992 0.494792 -0.049447 0.833333 0.075142 -0.991954 0.101883
1.65779 -3.82473 1.47366 0.033886 0.833333 0.027646 -0.990566 0.134217
0 -3.99683 0.544932 0.11722 0.916667 0.02763 -0.990563 0.134244
0.871366 -3.99824 0.359671 0.033886 0.916667 0.02713 -0.990458 0.135118
0 -3.82283 1.83195 0.11722 0.833333 0.027811 -0.990601 0.133929
0 -3.99683 0.544932 0.11722 0.916667 0.02763 -0.990563 0.134244
1.65779 -3.82473 1.47366 0.033886 0.833333 0.027646 -0.990566 0.134217
0 -3.82283 1.83195 0.11722 0.833333 -0.027675 -0.990541 0.134394
-0.871366 -3.99824 0.359671 0.200553 0.916667 -0.027649 -0.990544 0.134379
0 -3.99683 0.544932 0.11722 0.916667 -0.026878 -0.990626 0.133932
-1.65779 -3.82473 1.47366 0.200553 0.833333 -0.027945 -0.990513 0.134551
-0.871366 -3.99824 0.359671 0.200553 0.916667 -0.027649 -0.990544 0.134379
0 -3.82283 1.83195 0.11722 0.833333 -0.027675 -0.990541 0.134394
-1.65779 -3.82473 1.47366 0.200553 0.833333 -0.075339 -0.991911 0.102158
-1.51964 -4.00208 -0.146471 0.283886 0.916667 -0.07514 -0.991925 0.102176
-0.871366 -3.99824 0.359671 0.200553 0.916667 -0.073981 -0.992001 0.102283
-2.91017 -3.82992 0.494792 0.283886 0.833333 -0.07571 -0.991887 0.102123
-1.51964 -4.00208 -0.146471 0.283886 0.916667 -0.07514 -0.991925 0.102176
-1.65779 -3.82473 1.47366 0.200553 0.833333 -0.075339 -0.991911 0.102158
-2.91017 -3.82992 0.494792 0.283886 0.833333 -0.102621 -0.993721 0.044575
-1.77113 -4.00733 -0.837875 0.36722 0.916667 -0.10256 -0.993725 0.044628
-1.51964 -4.00208 -0.146471 0.283886 0.916667 -0.102384 -0.993737 0.04478
-3.42155 -3.83701 -0.842366 0.36722 0.833333 -0.10267 -0.993718 0.044533
-1.77113 -4.00733 -0.837875 0.36722 0.916667 -0.10256 -0.993725 0.044628
-2.91017 -3.82992 0.494792 0.283886 0.833333 -0.102621 -0.993721 0.044575
-3.42155 -3.83701 -0.842366 0.36722 0.833333 -0.102643 -0.994384 -0.025804
-1.54804 -4.01257 -1.52928 0.450553 0.916667 -0.102619 -0.994388 -0.025737
-1.77113 -4.00733 -0.837875 0.36722 0.916667 -0.102549 -0.9944 -0.025544
-3.01614 -3.84409 -2.17952 0.450553 0.833333 -0.102661 -0.99438 -0.025855
-1.54804 -4.01257 -1.52928 0.450553 0.916667 -0.102619 -0.994388 -0.025737
-3.42155 -3.83701 -0.842366 0.36722 0.833333 -0.102643 -0.994384 -0.025804
-3.01614 -3.84409 -2.17952 0.450553 0.833333 -0.074739 -0.99314 -0.089931
-0.89976 -4.01641 -2.03542 0.533886 0.916667 -0.074755 -0.993159 -0.089706
-1.54804 -4.01257 -1.52928 0.450553 0.916667 -0.074858 -0.993273 -0.088341
-1.76376 -3.84928 -3.15839 0.533886 0.833333 -0.074709 -0.993107 -0.09032
-0.89976 -4.01641 -2.03542 0.533886 0.916667 -0.074755 -0.993159 -0.089706
-3.01614 -3.84409 -2.17952 0.450553 0.833333 -0.074739 -0.99314 -0.089931
-1.76376 -3.84928 -3.15839 0.533886 0.833333 -0.027108 -0.991505 -0.127213
0 -4.01782 -2.22068 0.61722 0.916667 -0.027114 -0.991506 -0.127202
-0.89976 -4.01641 -2.03542 0.533886 0.916667 -0.027568 -0.991601 -0.126367
0 -3.85118 -3.51668 0.61722 0.833333 -0.026964 -0.991475 -0.127478
0 -4.01782 -2.22068 0.61722 0.916667 -0.027114 -0.991506 -0.127202
-1.76376 -3.84928 -3.15839 0.533886 0.833333 -0.027108 -0.991505 -0.127213
0 -3.85118 -3.51668 0.61722 0.833333 0.027086 -0.991526 -0.127053
0.89976 -4.01641 -2.03542 0.700553 0.916667 0.027095 -0.991525 -0.127059
0 -4.01782 -2.22068 0.61722 0.916667 0.027796 -0.991452 -0.127477
1.76376 -3.84928 -3.15839 0.700553 0.833333 0.026849 -0.991551 -0.126911
0.89976 -4.01641 -2.03542 0.700553 0.916667 0.027095 -0.991525 -0.127059
0 -3.85118 -3.51668 0.61722 0.833333 0.027086 -0.991526 -0.127053
1.76376 -3.84928 -3.15839 0.700553 0.833333 0.074553 -0.993177 -0.089674
1.54804 -4.01257 -1.52928 0.783886 0.916667 0.074769 -0.993163 -0.089645
0.89976 -4.01641 -2.03542 0.700553 0.916667 0.075765 -0.9931 -0.089506
3.01614 -3.84409 -2.17952 0.783886 0.833333 0.07424 -0.993196 -0.089718
1.54804 -4.01257 -1.52928 0.783886 0.916667 0.074769 -0.993163 -0.089645
1.76376 -3.84928 -3.15839 0.700553 0.833333 0.074553 -0.993177 -0.089674
3.01614 -3.84409 -2.17952 0.783886 0.833333 0.102585 -0.99439 -0.025785
1.77113 -4.00733 -0.837875 0.86722 0.916667 0.102637 -0.994386 -0.025737
1.54804 -4.01257 -1.52928 0.783886 0.916667 0.102767 -0.994376 -0.025615
3.42155 -3.83701 -0.842366 0.86722 0.833333 0.102548 -0.994393 -0.02582
1.77113 -4.00733 -0.837875 0.86722 0.916667 0.102637 -0.994386 -0.025737
3.01614 -3.84409 -2.17952 0.783886 0.833333 0.102585 -0.99439 -0.025785
3.42155 -3.83701 -0.842366 0.86722 0.833333 0.102549 -0.99373 0.044548
1.51964 -4.00208 -0.146471 0.950553 0.916667 0.102577 -0.993724 0.044627
1.77113 -4.00733 -0.837875 0.86722 0.916667 0.102669 -0.993703 0.044882
2.91017 -3.82992 0.494792 0.950553 0.833333 0.102524 -0.993736 0.044477
1.51964 -4.00208 -0.146471 0.950553 0.916667 0.102577 -0.993724 0.044627
3.42155 -3.83701 -0.842366 0.86722 0.833333 0.102549 -0.99373 0.044548
3.5413 -3.41073 0.784622 -0.049447 0.75 0.343832 -0.828431 0.442133
1.65779 -3.82473 1.47366 0.033886 0.833333 0.342992 -0.830732 0.438453
2.91017 -3.82992 0.494792 -0.049447 0.833333 0.344522 -0.826517 0.445168
2.01114 -3.41122 1.9839 0.033886 0.75 0.342614 -0.831757 0.436802
1.65779 -3.82473 1.47366 0.033886 0.833333 0.342992 -0.830732 0.438453
3.5413 -3.41073 0.784622 -0.049447 0.75 0.343832 -0.828431 0.442133
2.01114 -3.41122 1.9839 0.033886 0.75 0.123087 -0.812019 0.570504
0 -3.82283 1.83195 0.11722 0.833333 0.123642 -0.813766 0.567888
1.65779 -3.82473 1.47366 0.033886 0.833333 0.122732 -0.810899 0.572171
0 -3.4114 2.42286 0.11722 0.75 0.12383 -0.814356 0.567002
0 -3.82283 1.83195 0.11722 0.833333 0.123642 -0.813766 0.567888
2.01114 -3.41122 1.9839 0.033886 0.75 0.123087 -0.812019 0.570504
0 -3.4114 2.42286 0.11722 0.75 -0.122584 -0.813591 0.568369
-1.65779 -3.82473 1.47366 0.200553 0.833333 -0.124214 -0.811873 0.570468
0 -3.82283 1.83195 0.11722 0.833333 -0.121643 -0.814578 0.567156
-2.01114 -3.41122 1.9839 0.200553 0.75 -0.124731 -0.811325 0.571133
-1.65779 -3.82473 1.47366 0.200553 0.833333 -0.124214 -0.811873 0.570468
0 -3.4114 2.42286 0.11722 0.75 -0.122584 -0.813591 0.568369
-2.01114 -3.41122 1.9839 0.200553 0.75 -0.341908 -0.830408 0.43991
-2.91017 -3.82992 0.494792 0.283886 0.833333 -0.345319 -0.828227 0.441356
-1.65779 -3.82473 1.47366 0.200553 0.833333 -0.339635 -0.831852 0.438943
-3.5413 -3.41073 0.784622 0.283886 0.75 -0.346607 -0.827398 0.4419
-2.91017 -3.82992 0.494792 0.283886 0.833333 -0.345319 -0.828227 0.441356
-2.01114 -3.41122 1.9839 0.200553 0.75 -0.341908 -0.830408 0.43991
-3.5413 -3.41073 0.784622 0.283886 0.75 -0.482449 -0.855379 0.188601
-3.42155 -3.83701 -0.842366 0.36722 0.833333 -0.48321 -0.854984 0.188442
-2.91017 -3.82992 0.494792 0.283886 0.833333 -0.481697 -0.855768 0.188758
-4.18048 -3.41007 -0.853622 0.36722 0.75 -0.483645 -0.854758 0.18835
-3.42155 -3.83701 -0.842366 0.36722 0.833333 -0.48321 -0.854984 0.188442
-3.5413 -3.41073 0.784622 0.283886 0.75 -0.482449 -0.855379 0.188601
-4.18048 -3.41007 -0.853622 0.36722 0.75 -0.48387 -0.863502 -0.142248
-3.01614 -3.84409 -2.17952 0.450553 0.833333 -0.483986 -0.863415 -0.142377
-3.42155 -3.83701 -0.842366 0.36722 0.833333 -0.483724 -0.863611 -0.142083
-3.6995 -3.4094 -2.49186 0.450553 0.75 -0.484071 -0.863352 -0.142472
-3.01614 -3.84409 -2.17952 0.450553 0.833333 -0.483986 -0.863415 -0.142377
-4.18048 -3.41007 -0.853622 0.36722 0.75 -0.48387 -0.863502 -0.142248
-3.6995 -3.4094 -2.49186 0.450553 0.75 -0.338203 -0.837272 -0.429645
-1.76376 -3.84928 -3.15839 0.533886 0.833333 -0.338615 -0.836086 -0.431624
-3.01614 -3.84409 -2.17952 0.450553 0.833333 -0.337807 -0.838401 -0.42775
-2.16933 -3.40891 -3.69114 0.533886 0.75 -0.338829 -0.835468 -0.432652
-1.76376 -3.84928 -3.15839 0.533886 0.833333 -0.338615 -0.836086 -0.431624
-3.6995 -3.4094 -2.49186 0.450553 0.75 -0.338203 -0.837272 -0.429645
-2.16933 -3.40891 -3.69114 0.533886 0.75 -0.117972 -0.806942 -0.578729
0 -3.85118 -3.51668 0.61722 0.833333 -0.117607 -0.805806 -0.580384
-1.76376 -3.84928 -3.15839 0.533886 0.833333 -0.118211 -0.807687 -0.57764
0 -3.40873 -4.13011 0.61722 0.75 -0.117486 -0.805427 -0.580934
0 -3.85118 -3.51668 0.61722 0.833333 -0.117607 -0.805806 -0.580384
-2.16933 -3.40891 -3.69114 0.533886 0.75 -0.117972 -0.806942 -0.578729
0 -3.40873 -4.13011 0.61722 0.75 0.11828 -0.805929 -0.580076
1.76376 -3.84928 -3.15839 0.700553 0.833333 0.117265 -0.80704 -0.578736
0 -3.85118 -3.51668 0.61722 0.833333 0.118859 -0.805295 -0.580839
2.16933 -3.40891 -3.69114 0.700553 0.75 0.116959 -0.807373 -0.578333
1.76376 -3.84928 -3.15839 0.700553 0.833333 0.117265 -0.80704 -0.578736
0 -3.40873 -4.13011 0.61722 0.75 0.11828 -0.805929 -0.580076
2.16933 -3.40891 -3.69114 0.700553 0.75 0.339216 -0.836276 -0.430784
3.01614 -3.84409 -2.17952 0.783886 0.833333 0.337368 -0.837391 -0.430069
1.76376 -3.84928 -3.15839 0.700553 0.833333 0.340576 -0.835453 -0.431309
3.6995 -3.4094 -2.49186 0.783886 0.75 0.336558 -0.837878 -0.429756
3.01614 -3.84409 -2.17952 0.783886 0.833333 0.337368 -0.837391 -0.430069
2.16933 -3.40891 -3.69114 0.700553 0.75 0.339216 -0.836276 -0.430784
3.6995 -3.4094 -2.49186 0.783886 0.75 0.483986 -0.863432 -0.142278
3.42155 -3.83701 -0.842366 0.86722 0.833333 0.48382 -0.863516 -0.142328
3.01614 -3.84409 -2.17952 0.783886 0.833333 0.484174 -0.863336 -0.142222
4.18048 -3.41007 -0.853622 0.86722 0.75 0.483701 -0.863577 -0.142364
3.42155 -3.83701 -0.842366 0.86722 0.833333 0.48382 -0.863516 -0.142328
3.6995 -3.4094 -2.49186 0.783886 0.75 0.483986 -0.863432 -0.142278
4.18048 -3.41007 -0.853622 0.86722 0.75 0.482985 -0.855036 0.18878
2.91017 -3.82992 0.494792 0.950553 0.833333 0.482476 -0.855458 0.188169
3.42155 -3.83701 -0.842366 0.86722 0.833333 0.483552 -0.854565 0.189461
3.5413 -3.41073 0.784622 0.950553 0.75 0.482137 -0.855739 0.187761
2.91017 -3.82992 0.494792 0.950553 0.833333 0.482476 -0.855458 0.188169
4.18048 -3.41007 -0.853622 0.86722 0.75 0.482985 -0.855036 0.18878
4.05266 -2.60839 1.01566 -0.049447 0.666667 0.524472 -0.530706 0.665793
2.01114 -3.41122 1.9839 0.033886 0.75 0.524516 -0.535682 0.661761
3.5413 -3.41073 0.784622 -0.049447 0.75 0.524423 -0.526837 0.668897
2.29573 -2.62406 2.39995 0.033886 0.666667 0.524531 -0.538286 0.659633
2.01114 -3.41122 1.9839 0.033886 0.75 0.524516 -0.535682 0.661761
4.05266 -2.60839 1.01566 -0.049447 0.666667 0.524472 -0.530706 0.665793
2.29573 -2.62406 2.39995 0.033886 0.666667 0.18413 -0.512477 0.838727
0 -3.4114 2.42286 0.11722 0.75 0.185227 -0.515741 0.836482
2.01114 -3.41122 1.9839 0.033886 0.75 0.183425 -0.510379 0.84016
0 -2.6298 2.90664 0.11722 0.666667 0.185697 -0.51714 0.835514
0 -3.4114 2.42286 0.11722 0.75 0.185227 -0.515741 0.836482
2.29573 -2.62406 2.39995 0.033886 0.666667 0.18413 -0.512477 0.838727
0 -2.6298 2.90664 0.11722 0.666667 -0.18372 -0.51549 0.836969
-2.01114 -3.41122 1.9839 0.200553 0.75 -0.185681 -0.512267 0.838514
0 -3.4114 2.42286 0.11722 0.75 -0.182521 -0.517453 0.836019
-2.29573 -2.62406 2.39995 0.200553 0.666667 -0.186482 -0.510946 0.839142
-2.01114 -3.41122 1.9839 0.200553 0.75 -0.185681 -0.512267 0.838514
0 -2.6298 2.90664 0.11722 0.666667 -0.18372 -0.51549 0.836969
-2.29573 -2.62406 2.39995 0.200553 0.666667 -0.522653 -0.535171 0.663646
-3.5413 -3.41073 0.784622 0.283886 0.75 -0.526609 -0.530381 0.664364
-2.01114 -3.41122 1.9839 0.200553 0.75 -0.51991 -0.538466 0.663135
-4.05266 -2.60839 1.01566 0.283886 0.666667 -0.528421 -0.528172 0.664685
-3.5413 -3.41073 0.784622 0.283886 0.75 -0.526609 -0.530381 0.664364
-2.29573 -2.62406 2.39995 0.200553 0.666667 -0.522653 -0.535171 0.663646
-4.05266 -2.60839 1.01566 0.283886 0.666667 -0.764923 -0.57138 0.297352
-4.18048 -3.41007 -0.853622 0.36722 0.75 -0.766047 -0.570114 0.296887
-3.5413 -3.41073 0.784622 0.283886 0.75 -0.763857 -0.572576 0.297792
-4.80002 -2.58697 -0.875322 0.36722 0.666667 -0.766755 -0.569315 0.296592
-4.18048 -3.41007 -0.853622 0.36722 0.75 -0.766047 -0.570114 0.296887
-4.05266 -2.60839 1.01566 0.283886 0.666667 -0.764923 -0.57138 0.297352
-4.80002 -2.58697 -0.875322 0.36722 0.666667 -0.774985 -0.589549 -0.227664
-3.6995 -3.4094 -2.49186 0.450553 0.75 -0.774919 -0.589679 -0.227552
-4.18048 -3.41007 -0.853622 0.36722 0.75 -0.775063 -0.589395 -0.227795
-4.26122 -2.56556 -2.7663 0.450553 0.666667 -0.774866 -0.589782 -0.227464
-3.6995 -3.4094 -2.49186 0.450553 0.75 -0.774919 -0.589679 -0.227552
-4.80002 -2.58697 -0.875322 0.36722 0.666667 -0.774985 -0.589549 -0.227664
-4.26122 -2.56556 -2.7663 0.450553 0.666667 -0.513162 -0.553571 -0.655915
-2.16933 -3.40891 -3.69114 0.533886 0.75 -0.513136 -0.552432 -0.656894
-3.6995 -3.4094 -2.49186 0.450553 0.75 -0.513185 -0.554633 -0.654999
-2.50429 -2.54989 -4.15059 0.533886 0.666667 -0.513119 -0.551735 -0.657493
-2.16933 -3.40891 -3.69114 0.533886 0.75 -0.513136 -0.552432 -0.656894
-4.26122 -2.56556 -2.7663 0.450553 0.666667 -0.513162 -0.553571 -0.655915
-2.50429 -2.54989 -4.15059 0.533886 0.666667 -0.169644 -0.514706 -0.840416
0 -3.40873 -4.13011 0.61722 0.75 -0.169255 -0.513591 -0.841176
-2.16933 -3.40891 -3.69114 0.533886 0.75 -0.169911 -0.515469 -0.839894
0 -2.54415 -4.65728 0.61722 0.666667 -0.169085 -0.513101 -0.841509
0 -3.40873 -4.13011 0.61722 0.75 -0.169255 -0.513591 -0.841176
-2.50429 -2.54989 -4.15059 0.533886 0.666667 -0.169644 -0.514706 -0.840416
0 -2.54415 -4.65728 0.61722 0.666667 0.169781 -0.513689 -0.84101
2.16933 -3.40891 -3.69114 0.700553 0.75 0.169107 -0.514783 -0.840477
0 -3.40873 -4.13011 0.61722 0.75 0.170204 -0.513 -0.841345
2.50429 -2.54989 -4.15059 0.700553 0.666667 0.168826 -0.515239 -0.840254
2.16933 -3.40891 -3.69114 0.700553 0.75 0.169107 -0.514783 -0.840477
0 -2.54415 -4.65728 0.61722 0.666667 0.169781 -0.513689 -0.84101
2.50429 -2.54989 -4.15059 0.700553 0.666667 0.513604 -0.552571 -0.656411
3.6995 -3.4094 -2.49186 0.783886 0.75 0.51262 -0.553659 -0.656265
2.16933 -3.40891 -3.69114 0.700553 0.75 0.514382 -0.551711 -0.656526
4.26122 -2.56556 -2.7663 0.783886 0.666667 0.512064 -0.554272 -0.656182
3.6995 -3.4094 -2.49186 0.783886 0.75 0.51262 -0.553659 -0.656265
2.50429 -2.54989 -4.15059 0.700553 0.666667 0.513604 -0.552571 -0.656411
4.26122 -2.56556 -2.7663 0.783886 0.666667 0.774905 -0.589661 -0.227643
4.18048 -3.41007 -0.853622 0.86722 0.75 0.775021 -0.589532 -0.227582
3.6995 -3.4094 -2.49186 0.783886 0.75 0.774777 -0.589803 -0.227711
4.80002 -2.58697 -0.875322 0.86722 0.666667 0.775116 -0.589427 -0.227531
4.18048 -3.41007 -0.853622 0.86722 0.75 0.775021 -0.589532 -0.227582
4.26122 -2.56556 -2.7663 0.783886 0.666667 0.774905 -0.589661 -0.227643
4.80002 -2.58697 -0.875322 0.86722 0.666667 0.765675 -0.570231 0.29762
3.5413 -3.41073 0.784622 0.950553 0.75 0.765109 -0.571557 0.296533
4.18048 -3.41007 -0.853622 0.86722 0.75 0.76625 -0.568879 0.298727
4.05266 -2.60839 1.01566 0.950553 0.666667 0.764695 -0.572519 0.295742
3.5413 -3.41073 0.784622 0.950553 0.75 0.765109 -0.571557 0.296533
4.80002 -2.58697 -0.875322 0.86722 0.666667 0.765675 -0.570231 0.29762
4.37535 -1.6552 1.1575 -0.049447 0.583333 0.590507 -0.31426 0.743332
2.29573 -2.62406 2.39995 0.033886 0.666667 0.591345 -0.320139 0.74015
4.05266 -2.60839 1.01566 -0.049447 0.666667 0.589977 -0.310631 0.745275
2.47452 -1.69166 2.66457 0.033886 0.583333 0.591754 -0.323071 0.738548
2.29573 -2.62406 2.39995 0.033886 0.666667 0.591345 -0.320139 0.74015
4.37535 -1.6552 1.1575 -0.049447 0.583333 0.590507 -0.31426 0.743332
2.47452 -1.69166 2.66457 0.033886 0.583333 0.206719 -0.305418 0.929509
0 -2.6298 2.90664 0.11722 0.666667 0.207914 -0.308941 0.928077
2.29573 -2.62406 2.39995 0.033886 0.666667 0.206077 -0.303528 0.930271
0 -1.70501 3.21619 0.11722 0.583333 0.208425 -0.310449 0.927459
0 -2.6298 2.90664 0.11722 0.666667 0.207914 -0.308941 0.928077
2.47452 -1.69166 2.66457 0.033886 0.583333 0.206719 -0.305418 0.929509
0 -1.70501 3.21619 0.11722 0.583333 -0.206483 -0.308801 0.928443
-2.29573 -2.62406 2.39995 0.200553 0.666667 -0.208164 -0.305297 0.929226
0 -2.6298 2.90664 0.11722 0.666667 -0.205599 -0.310639 0.928026
-2.47452 -1.69166 2.66457 0.200553 0.583333 -0.208855 -0.303854 0.929544
-2.29573 -2.62406 2.39995 0.200553 0.666667 -0.208164 -0.305297 0.929226
0 -1.70501 3.21619 0.11722 0.583333 -0.206483 -0.308801 0.928443
-2.47452 -1.69166 2.66457 0.200553 0.583333 -0.589352 -0.319833 0.741871
-4.05266 -2.60839 1.01566 0.283886 0.666667 -0.592591 -0.314054 0.741758
-2.29573 -2.62406 2.39995 0.200553 0.666667 -0.587447 -0.323203 0.741921
-4.37535 -1.6552 1.1575 0.283886 0.583333 -0.594029 -0.31147 0.741698
-4.05266 -2.60839 1.01566 0.283886 0.666667 -0.592591 -0.314054 0.741758
-2.47452 -1.69166 2.66457 0.200553 0.583333 -0.589352 -0.319833 0.741871
-4.37535 -1.6552 1.1575 0.283886 0.583333 -0.87449 -0.345083 0.340859
-4.80002 -2.58697 -0.875322 0.36722 0.666667 -0.875543 -0.343091 0.340166
-4.05266 -2.60839 1.01566 0.283886 0.666667 -0.873695 -0.34658 0.341379
-5.19316 -1.60539 -0.901201 0.36722 0.583333 -0.87614 -0.341956 0.339771
-4.80002 -2.58697 -0.875322 0.36722 0.666667 -0.875543 -0.343091 0.340166
-4.37535 -1.6552 1.1575 0.283886 0.583333 -0.87449 -0.345083 0.340859
-5.19316 -1.60539 -0.901201 0.36722 0.583333 -0.894151 -0.365538 -0.258605
-4.26122 -2.56556 -2.7663 0.450553 0.666667 -0.894016 -0.366131 -0.258232
-4.80002 -2.58697 -0.875322 0.36722 0.666667 -0.894272 -0.365002 -0.258941
-4.61947 -1.55559 -2.9599 0.450553 0.583333 -0.893923 -0.366539 -0.257976
-4.26122 -2.56556 -2.7663 0.450553 0.666667 -0.894016 -0.366131 -0.258232
-5.19316 -1.60539 -0.901201 0.36722 0.583333 -0.894151 -0.365538 -0.258605
-4.61947 -1.55559 -2.9599 0.450553 0.583333 -0.578586 -0.346791 -0.738224
-2.50429 -2.54989 -4.15059 0.533886 0.666667 -0.578595 -0.346855 -0.738187
-4.26122 -2.56556 -2.7663 0.450553 0.666667 -0.578579 -0.346743 -0.738252
-2.71864 -1.51912 -4.46697 0.533886 0.583333 -0.5786 -0.346892 -0.738166
-2.50429 -2.54989 -4.15059 0.533886 0.666667 -0.578595 -0.346855 -0.738187
-4.61947 -1.55559 -2.9599 0.450553 0.583333 -0.578586 -0.346791 -0.738224
-2.71864 -1.51912 -4.46697 0.533886 0.583333 -0.186858 -0.323368 -0.927641
0 -2.54415 -4.65728 0.61722 0.666667 -0.186735 -0.323015 -0.927788
-2.50429 -2.54989 -4.15059 0.533886 0.666667 -0.186929 -0.323571 -0.927556
0 -1.50578 -5.01859 0.61722 0.583333 -0.186681 -0.322859 -0.927853
0 -2.54415 -4.65728 0.61722 0.666667 -0.186735 -0.323015 -0.927788
-2.71864 -1.51912 -4.46697 0.533886 0.583333 -0.186858 -0.323368 -0.927641
0 -1.50578 -5.01859 0.61722 0.583333 0.186884 -0.323032 -0.927753
2.50429 -2.54989 -4.15059 0.700553 0.666667 0.186708 -0.323381 -0.927666
0 -2.54415 -4.65728 0.61722 0.666667 0.18698 -0.322841 -0.9278
2.71864 -1.51912 -4.46697 0.700553 0.583333 0.186632 -0.323532 -0.927629
2.50429 -2.54989 -4.15059 0.700553 0.666667 0.186708 -0.323381 -0.927666
0 -1.50578 -5.01859 0.61722 0.583333 0.186884 -0.323032 -0.927753
2.71864 -1.51912 -4.46697 0.700553 0.583333 0.578571 -0.346851 -0.738208
4.26122 -2.56556 -2.7663 0.783886 0.666667 0.578611 -0.346788 -0.738206
2.50429 -2.54989 -4.15059 0.700553 0.666667 0.578543 -0.346893 -0.738209
4.61947 -1.55559 -2.9599 0.783886 0.583333 0.578634 -0.346753 -0.738204
4.26122 -2.56556 -2.7663 0.783886 0.666667 0.578611 -0.346788 -0.738206
2.71864 -1.51912 -4.46697 0.700553 0.583333 0.578571 -0.346851 -0.738208
4.61947 -1.55559 -2.9599 0.783886 0.583333 0.893938 -0.366091 -0.258557
4.80002 -2.58697 -0.875322 0.86722 0.666667 0.894256 -0.365502 -0.258293
4.26122 -2.56556 -2.7663 0.783886 0.666667 0.893663 -0.366602 -0.258786
5.19316 -1.60539 -0.901201 0.86722 0.583333 0.894489 -0.365067 -0.258098
4.80002 -2.58697 -0.875322 0.86722 0.666667 0.894256 -0.365502 -0.258293
4.61947 -1.55559 -2.9599 0.783886 0.583333 0.893938 -0.366091 -0.258557
5.19316 -1.60539 -0.901201 0.86722 0.583333 0.875135 -0.343183 0.341122
4.05266 -2.60839 1.01566 0.950553 0.666667 0.874821 -0.34522 0.339871
4.80002 -2.58697 -0.875322 0.86722 0.666667 0.875377 -0.341588 0.342101
4.37535 -1.6552 1.1575 0.950553 0.583333 0.874613 -0.346546 0.339053
4.05266 -2.60839 1.01566 0.950553 0.666667 0.874821 -0.34522 0.339871
5.19316 -1.60539 -0.901201 0.86722 0.583333 0.875135 -0.343183 0.341122
2.51354 -0.409646 2.68351 0.033886 0.5 0.624678 -0.030541 0.780285
2.47452 -1.69166 2.66457 0.033886 0.583333 0.623655 -0.028009 0.781198
4.44584 -0.345419 1.13907 -0.049447 0.5 0.622421 -0.024972 0.782284
0 -0.433154 3.24881 0.11722 0.5 0.219576 -0.025011 0.975275
0 -1.70501 3.21619 0.11722 0.583333 0.219011 -0.023851 0.975431
2.51354 -0.409646 2.68351 0.033886 0.5 0.218222 -0.022232 0.975646
0 -0.433154 3.24881 0.11722 0.5 -0.218223 -0.023833 0.975608
-2.47452 -1.69166 2.66457 0.200553 0.583333 -0.219013 -0.022214 0.975469
0 -1.70501 3.21619 0.11722 0.583333 -0.217642 -0.025022 0.975708
-2.51354 -0.409646 2.68351 0.200553 0.5 -0.21956 -0.021093 0.975371
-2.47452 -1.69166 2.66457 0.200553 0.583333 -0.219013 -0.022214 0.975469
0 -0.433154 3.24881 0.11722 0.5 -0.218223 -0.023833 0.975608
-2.51354 -0.409646 2.68351 0.200553 0.5 -0.62241 -0.027961 0.782192
-4.37535 -1.6552 1.1575 0.283886 0.583333 -0.623686 -0.024932 0.781277
-2.47452 -1.69166 2.66457 0.200553 0.583333 -0.621343 -0.030479 0.782946
-4.44584 -0.345419 1.13907 0.283886 0.5 -0.624649 -0.022636 0.780578
-4.37535 -1.6552 1.1575 0.283886 0.583333 -0.623686 -0.024932 0.781277
-2.51354 -0.409646 2.68351 0.200553 0.5 -0.62241 -0.027961 0.782192
-4.44584 -0.345419 1.13907 0.283886 0.5 -0.929187 -0.043267 0.367069
-5.19316 -1.60539 -0.901201 0.36722 0.583333 -0.929545 -0.041852 0.366326
-4.37535 -1.6552 1.1575 0.283886 0.583333 -0.928795 -0.044808 0.367876
-5.27913 -0.257684 -0.970667 0.36722 0.5 -0.929892 -0.04047 0.3656
-5.19316 -1.60539 -0.901201 0.36722 0.583333 -0.929545 -0.041852 0.366326
-4.44584 -0.345419 1.13907 0.283886 0.5 -0.929187 -0.043267 0.367069
-5.27913 -0.257684 -0.970667 0.36722 0.5 -0.960192 -0.076066 -0.268784
-4.61947 -1.55559 -2.9599 0.450553 0.583333 -0.96026 -0.076789 -0.268335
-5.19316 -1.60539 -0.901201 0.36722 0.583333 -0.960103 -0.075126 -0.269368
-4.69788 -0.169949 -3.08041 0.450553 0.5 -0.960339 -0.077635 -0.267809
-4.61947 -1.55559 -2.9599 0.450553 0.583333 -0.96026 -0.076789 -0.268335
-5.27913 -0.257684 -0.970667 0.36722 0.5 -0.960192 -0.076066 -0.268784
-4.69788 -0.169949 -3.08041 0.450553 0.5 -0.617385 -0.104394 -0.779703
-2.71864 -1.51912 -4.46697 0.533886 0.583333 -0.617992 -0.106 -0.779006
-4.61947 -1.55559 -2.9599 0.450553 0.583333 -0.616771 -0.102773 -0.780404
-2.76559 -0.105723 -4.62484 0.533886 0.5 -0.61855 -0.107486 -0.778359
-2.71864 -1.51912 -4.46697 0.533886 0.583333 -0.617992 -0.106 -0.779006
-4.69788 -0.169949 -3.08041 0.450553 0.5 -0.617385 -0.104394 -0.779703
-2.76559 -0.105723 -4.62484 0.533886 0.5 -0.197275 -0.115904 -0.973473
0 -1.50578 -5.01859 0.61722 0.583333 -0.197652 -0.116699 -0.973301
-2.71864 -1.51912 -4.46697 0.533886 0.583333 -0.196983 -0.115291 -0.973604
0 -0.082214 -5.19014 0.61722 0.5 -0.197926 -0.117275 -0.973176
0 -1.50578 -5.01859 0.61722 0.583333 -0.197652 -0.116699 -0.973301
-2.76559 -0.105723 -4.62484 0.533886 0.5 -0.197275 -0.115904 -0.973473
2.76559 -0.105723 -4.62484 0.700553 0.5 0.197988 -0.115302 -0.973399
2.71864 -1.51912 -4.46697 0.700553 0.583333 0.197674 -0.115894 -0.973393
0 -0.082214 -5.19014 0.61722 0.5 0.197252 -0.116688 -0.973384
4.69788 -0.169949 -3.08041 0.783886 0.5 0.618959 -0.102747 -0.778673
4.61947 -1.55559 -2.9599 0.783886 0.583333 0.618107 -0.104366 -0.779135
2.76559 -0.105723 -4.62484 0.700553 0.5 0.617259 -0.105974 -0.77959
5.27913 -0.257684 -0.970667 0.86722 0.5 0.960556 -0.075072 -0.267762
5.19316 -1.60539 -0.901201 0.86722 0.583333 0.960316 -0.076044 -0.268348
4.69788 -0.169949 -3.08041 0.783886 0.5 0.960135 -0.076775 -0.268788
4.44584 -0.345419 1.13907 0.950553 0.5 0.929779 -0.044897 0.365371
4.37535 -1.6552 1.1575 0.950553 0.583333 0.929491 -0.043304 0.366294
5.27913 -0.257684 -0.970667 0.86722 0.5 0.92923 -0.041876 0.367122
4.23713 0.870956 1.05346 -0.049447 0.416667 0.612379 0.160993 0.773998
2.51354 -0.409646 2.68351 0.033886 0.5 0.611179 0.16322 0.77448
4.44584 -0.345419 1.13907 -0.049447 0.5 0.613098 0.159654 0.773706
2.39806 0.715986 2.53473 0.033886 0.416667 0.610206 0.165022 0.774866
2.51354 -0.409646 2.68351 0.033886 0.5 0.611179 0.16322 0.77448
4.23713 0.870956 1.05346 -0.049447 0.416667 0.612379 0.160993 0.773998
2.39806 0.715986 2.53473 0.033886 0.416667 0.215338 0.150228 0.964915
0 -0.433154 3.24881 0.11722 0.5 0.214798 0.151324 0.964864
2.51354 -0.409646 2.68351 0.033886 0.5 0.215618 0.14966 0.964941
0 0.659966 3.07658 0.11722 0.416667 0.214454 0.152021 0.964831
0 -0.433154 3.24881 0.11722 0.5 0.214798 0.151324 0.964864
2.39806 0.715986 2.53473 0.033886 0.416667 0.215338 0.150228 0.964915
-2.39806 0.715986 2.53473 0.200553 0.416667 -0.21459 0.149586 0.965181
-2.51354 -0.409646 2.68351 0.200553 0.5 -0.214847 0.150249 0.965021
0 0.659966 3.07658 0.11722 0.416667 -0.215279 0.151364 0.964751
-4.23713 0.870956 1.05346 0.283886 0.416667 -0.611072 0.159423 0.775355
-4.44584 -0.345419 1.13907 0.283886 0.5 -0.61146 0.161003 0.774722
-2.39806 0.715986 2.53473 0.200553 0.416667 -0.612033 0.163349 0.773779
-5.02444 1.0872 -0.97219 0.36722 0.416667 -0.91163 0.173063 0.3728
-5.27913 -0.257684 -0.970667 0.36722 0.5 -0.911718 0.175997 0.371209
-4.23713 0.870956 1.05346 0.283886 0.416667 -0.911798 0.179059 0.369543
-4.46546 1.30869 -3.00037 0.450553 0.416667 -0.955514 0.163482 -0.245494
-4.69788 -0.169949 -3.08041 0.450553 0.5 -0.953714 0.16918 -0.248613
-5.02444 1.0872 -0.97219 0.36722 0.416667 -0.952353 0.173393 -0.250914
-2.62639 1.47416 -4.4867 0.533886 0.416667 -0.630483 0.122567 -0.766465
-2.76559 -0.105723 -4.62484 0.533886 0.5 -0.627205 0.12848 -0.768184
-4.46546 1.30869 -3.00037 0.450553 0.416667 -0.624508 0.133301 -0.769559
0 1.53543 -5.03108 0.61722 0.416667 -0.204167 0.095798 -0.974238
0 -0.082214 -5.19014 0.61722 0.5 -0.202738 0.098235 -0.974293
-2.62639 1.47416 -4.4867 0.533886 0.416667 -0.201373 0.100558 -0.974339
0 1.53543 -5.03108 0.61722 0.416667 0.201382 0.098118 -0.974586
2.76559 -0.105723 -4.62484 0.700553 0.5 0.202687 0.100442 -0.974079
0 -0.082214 -5.19014 0.61722 0.5 0.200125 0.09588 -0.975068
2.62639 1.47416 -4.4867 0.700553 0.416667 0.204182 0.103108 -0.973488
2.76559 -0.105723 -4.62484 0.700553 0.5 0.202687 0.100442 -0.974079
0 1.53543 -5.03108 0.61722 0.416667 0.201382 0.098118 -0.974586
2.62639 1.47416 -4.4867 0.700553 0.416667 0.624685 0.128209 -0.77028
4.69788 -0.169949 -3.08041 0.783886 0.5 0.626774 0.132989 -0.767768
2.76559 -0.105723 -4.62484 0.700553 0.5 0.622133 0.122427 -0.77328
4.46546 1.30869 -3.00037 0.783886 0.416667 0.629961 0.140367 -0.763837
4.69788 -0.169949 -3.08041 0.783886 0.5 0.626774 0.132989 -0.767768
2.62639 1.47416 -4.4867 0.700553 0.416667 0.624685 0.128209 -0.77028
4.46546 1.30869 -3.00037 0.783886 0.416667 0.952962 0.169031 -0.251579
5.27913 -0.257684 -0.970667 0.86722 0.5 0.953046 0.173054 -0.248508
4.69788 -0.169949 -3.08041 0.783886 0.5 0.952811 0.163609 -0.255703
5.02444 1.0872 -0.97219 0.86722 0.416667 0.953134 0.180226 -0.243009
5.27913 -0.257684 -0.970667 0.86722 0.5 0.953046 0.173054 -0.248508
4.46546 1.30869 -3.00037 0.783886 0.416667 0.952962 0.169031 -0.251579
5.02444 1.0872 -0.97219 0.86722 0.416667 0.912425 0.175985 0.369472
4.44584 -0.345419 1.13907 0.950553 0.5 0.91122 0.178835 0.371075
5.27913 -0.257684 -0.970667 0.86722 0.5 0.913504 0.173412 0.368021
4.23713 0.870956 1.05346 0.950553 0.416667 0.909717 0.182349 0.373048
4.44584 -0.345419 1.13907 0.950553 0.5 0.91122 0.178835 0.371075
5.02444 1.0872 -0.97219 0.86722 0.416667 0.912425 0.175985 0.369472
3.80362 1.89157 0.945324 -0.049447 0.333333 0.573405 0.328904 0.750353
2.39806 0.715986 2.53473 0.033886 0.416667 0.566846 0.33801 0.751289
4.23713 0.870956 1.05346 -0.049447 0.416667 0.576632 0.32437 0.749853
2.15734 1.66489 2.27891 0.033886 0.333333 0.561601 0.345193 0.751962
2.39806 0.715986 2.53473 0.033886 0.416667 0.566846 0.33801 0.751289
3.80362 1.89157 0.945324 -0.049447 0.333333 0.573405 0.328904 0.750353
2.15734 1.66489 2.27891 0.033886 0.333333 0.202256 0.304602 0.930758
0 0.659966 3.07658 0.11722 0.416667 0.199734 0.309235 0.929774
2.39806 0.715986 2.53473 0.033886 0.416667 0.20333 0.302623 0.931169
0 1.5831 2.76646 0.11722 0.333333 0.19815 0.312134 0.929144
0 0.659966 3.07658 0.11722 0.416667 0.199734 0.309235 0.929774
2.15734 1.66489 2.27891 0.033886 0.333333 0.202256 0.304602 0.930758
-2.15734 1.66489 2.27891 0.200553 0.333333 -0.19925 0.301889 0.932289
-2.39806 0.715986 2.53473 0.200553 0.416667 -0.200183 0.304775 0.931149
0 1.5831 2.76646 0.11722 0.333333 -0.20174 0.309597 0.92922
-3.80362 1.89157 0.945324 0.283886 0.333333 -0.568819 0.321797 0.756896
-4.23713 0.870956 1.05346 0.283886 0.416667 -0.56945 0.328929 0.753347
-2.15734 1.66489 2.27891 0.200553 0.333333 -0.5703 0.339215 0.748125
-4.49772 2.20893 -0.880093 0.36722 0.333333 -0.846929 0.366016 0.385672
-5.02444 1.0872 -0.97219 0.36722 0.416667 -0.844987 0.376078 0.380214
-3.80362 1.89157 0.945324 0.283886 0.333333 -0.842855 0.386444 0.374509
-3.98666 2.53518 -2.70979 0.450553 0.333333 -0.9008 0.394598 -0.181248
-4.46546 1.30869 -3.00037 0.450553 0.416667 -0.893915 0.407532 -0.186635
-4.49772 2.20893 -0.880093 0.36722 0.333333 -0.888392 0.417556 -0.190808
-2.34038 2.77963 -4.05194 0.533886 0.333333 -0.619949 0.366818 -0.693619
-2.62639 1.47416 -4.4867 0.533886 0.416667 -0.612121 0.378231 -0.694441
-3.98666 2.53518 -2.70979 0.450553 0.333333 -0.605157 0.388183 -0.695053
0 2.8703 -4.54377 0.61722 0.333333 -0.206167 0.335557 -0.919182
0 1.53543 -5.03108 0.61722 0.416667 -0.203258 0.340196 -0.918125
-2.34038 2.77963 -4.05194 0.533886 0.333333 -0.200336 0.344837 -0.917035
0 2.8703 -4.54377 0.61722 0.333333 0.200573 0.339755 -0.918878
2.62639 1.47416 -4.4867 0.700553 0.416667 0.202963 0.344342 -0.916643
0 1.53543 -5.03108 0.61722 0.416667 0.198663 0.336089 -0.920639
2.34038 2.77963 -4.05194 0.700553 0.333333 0.205638 0.349478 -0.9141
2.62639 1.47416 -4.4867 0.700553 0.416667 0.202963 0.344342 -0.916643
0 2.8703 -4.54377 0.61722 0.333333 0.200573 0.339755 -0.918878
2.34038 2.77963 -4.05194 0.700553 0.333333 0.607198 0.377349 -0.699227
4.46546 1.30869 -3.00037 0.783886 0.416667 0.609951 0.386735 -0.691662
2.62639 1.47416 -4.4867 0.700553 0.416667 0.604313 0.367778 -0.706785
3.98666 2.53518 -2.70979 0.783886 0.333333 0.613928 0.400783 -0.680048
4.46546 1.30869 -3.00037 0.783886 0.416667 0.609951 0.386735 -0.691662
2.34038 2.77963 -4.05194 0.700553 0.333333 0.607198 0.377349 -0.699227
3.98666 2.53518 -2.70979 0.783886 0.333333 0.892558 0.407176 -0.193771
5.02444 1.0872 -0.97219 0.86722 0.416667 0.890399 0.415736 -0.185349
4.46546 1.30869 -3.00037 0.783886 0.416667 0.89483 0.397471 -0.203215
4.49772 2.20893 -0.880093 0.86722 0.333333 0.886395 0.430242 -0.170869
5.02444 1.0872 -0.97219 0.86722 0.416667 0.890399 0.415736 -0.185349
3.98666 2.53518 -2.70979 0.783886 0.333333 0.892558 0.407176 -0.193771
4.49772 2.20893 -0.880093 0.86722 0.333333 0.84747 0.37619 0.374534
4.23713 0.870956 1.05346 0.950553 0.416667 0.841319 0.384775 0.379645
5.02444 1.0872 -0.97219 0.86722 0.416667 0.85205 0.369656 0.370629
3.80362 1.89157 0.945324 0.950553 0.333333 0.833781 0.395013 0.385713
4.23713 0.870956 1.05346 0.950553 0.416667 0.841319 0.384775 0.379645
4.49772 2.20893 -0.880093 0.86722 0.333333 0.84747 0.37619 0.374534
3.11697 2.77676 0.655242 -0.049447 0.25 0.462801 0.579792 0.670565
2.15734 1.66489 2.27891 0.033886 0.333333 0.461994 0.580458 0.670545
3.80362 1.89157 0.945324 -0.049447 0.333333 0.463447 0.579257 0.670581
1.7738 2.57851 1.75045 0.033886 0.25 0.460925 0.58134 0.670516
2.15734 1.66489 2.27891 0.033886 0.333333 0.461994 0.580458 0.670545
3.11697 2.77676 0.655242 -0.049447 0.25 0.462801 0.579792 0.670565
1.7738 2.57851 1.75045 0.033886 0.25 0.16467 0.545407 0.821836
0 1.5831 2.76646 0.11722 0.333333 0.163998 0.546201 0.821443
2.15734 1.66489 2.27891 0.033886 0.333333 0.165139 0.544851 0.822111
0 2.50673 2.15094 0.11722 0.25 0.163227 0.547113 0.82099
0 1.5831 2.76646 0.11722 0.333333 0.163998 0.546201 0.821443
1.7738 2.57851 1.75045 0.033886 0.25 0.16467 0.545407 0.821836
0 2.50673 2.15094 0.11722 0.25 -0.164494 0.546366 0.821235
-2.15734 1.66489 2.27891 0.200553 0.333333 -0.164127 0.545521 0.821869
0 1.5831 2.76646 0.11722 0.333333 -0.164757 0.546972 0.820778
-1.7738 2.57851 1.75045 0.200553 0.25 -0.163697 0.544533 0.82261
-2.15734 1.66489 2.27891 0.200553 0.333333 -0.164127 0.545521 0.821869
0 2.50673 2.15094 0.11722 0.25 -0.164494 0.546366 0.821235
-1.7738 2.57851 1.75045 0.200553 0.25 -0.462319 0.580671 0.670136
-3.80362 1.89157 0.945324 0.283886 0.333333 -0.462322 0.579867 0.67083
-2.15734 1.66489 2.27891 0.200553 0.333333 -0.462316 0.581359 0.669542
-3.11697 2.77676 0.655242 0.283886 0.25 -0.462325 0.578776 0.671769
-3.80362 1.89157 0.945324 0.283886 0.333333 -0.462322 0.579867 0.67083
-1.7738 2.57851 1.75045 0.200553 0.25 -0.462319 0.580671 0.670136
-3.11697 2.77676 0.655242 0.283886 0.25 -0.672497 0.642629 0.367118
-4.49772 2.20893 -0.880093 0.36722 0.333333 -0.67232 0.642978 0.366831
-3.80362 1.89157 0.945324 0.283886 0.333333 -0.672696 0.642235 0.367443
-3.66962 3.05271 -0.843315 0.36722 0.25 -0.672021 0.643569 0.366343
-4.49772 2.20893 -0.880093 0.36722 0.333333 -0.67232 0.642978 0.366831
-3.11697 2.77676 0.655242 0.283886 0.25 -0.672497 0.642629 0.367118
-3.66962 3.05271 -0.843315 0.36722 0.25 -0.710593 0.699772 -0.073331
-3.98666 2.53518 -2.70979 0.450553 0.333333 -0.710962 0.699413 -0.073168
-4.49772 2.20893 -0.880093 0.36722 0.333333 -0.710171 0.700181 -0.073516
-3.239 3.33459 -2.34473 0.450553 0.25 -0.711583 0.69881 -0.072896
-3.98666 2.53518 -2.70979 0.450553 0.333333 -0.710962 0.699413 -0.073168
-3.66962 3.05271 -0.843315 0.36722 0.25 -0.710593 0.699772 -0.073331
-3.239 3.33459 -2.34473 0.450553 0.25 -0.511223 0.701162 -0.497013
-2.34038 2.77963 -4.05194 0.533886 0.333333 -0.514156 0.698526 -0.4977
-3.98666 2.53518 -2.70979 0.450553 0.333333 -0.50919 0.702979 -0.496534
-1.89582 3.54469 -3.44565 0.533886 0.25 -0.517355 0.695629 -0.498442
-2.34038 2.77963 -4.05194 0.533886 0.333333 -0.514156 0.698526 -0.4977
-3.239 3.33459 -2.34473 0.450553 0.25 -0.511223 0.701162 -0.497013
-1.89582 3.54469 -3.44565 0.533886 0.25 -0.177899 0.671383 -0.719442
0 2.8703 -4.54377 0.61722 0.333333 -0.179609 0.669197 -0.721052
-2.34038 2.77963 -4.05194 0.533886 0.333333 -0.17708 0.672427 -0.718669
0 3.62239 -3.84899 0.61722 0.25 -0.181045 0.667355 -0.722399
0 2.8703 -4.54377 0.61722 0.333333 -0.179609 0.669197 -0.721052
-1.89582 3.54469 -3.44565 0.533886 0.25 -0.177899 0.671383 -0.719442
0 3.62239 -3.84899 0.61722 0.25 0.178288 0.6689 -0.721655
2.34038 2.77963 -4.05194 0.700553 0.333333 0.17926 0.671059 -0.719406
0 2.8703 -4.54377 0.61722 0.333333 0.177775 0.66776 -0.722837
1.89582 3.54469 -3.44565 0.700553 0.25 0.180186 0.673112 -0.717254
2.34038 2.77963 -4.05194 0.700553 0.333333 0.17926 0.671059 -0.719406
0 3.62239 -3.84899 0.61722 0.25 0.178288 0.6689 -0.721655
1.89582 3.54469 -3.44565 0.700553 0.25 0.512891 0.698159 -0.499517
3.98666 2.53518 -2.70979 0.783886 0.333333 0.51287 0.700589 -0.496124
2.34038 2.77963 -4.05194 0.700553 0.333333 0.512902 0.696127 -0.502334
3.239 3.33459 -2.34473 0.783886 0.25 0.512826 0.703999 -0.49132
3.98666 2.53518 -2.70979 0.783886 0.333333 0.51287 0.700589 -0.496124
1.89582 3.54469 -3.44565 0.700553 0.25 0.512891 0.698159 -0.499517
3.239 3.33459 -2.34473 0.783886 0.25 0.710968 0.699372 -0.073508
4.49772 2.20893 -0.880093 0.86722 0.333333 0.710734 0.699653 -0.073091
3.98666 2.53518 -2.70979 0.783886 0.333333 0.711258 0.699022 -0.074026
3.66962 3.05271 -0.843315 0.86722 0.25 0.710264 0.700218 -0.072253
4.49772 2.20893 -0.880093 0.86722 0.333333 0.710734 0.699653 -0.073091
3.239 3.33459 -2.34473 0.783886 0.25 0.710968 0.699372 -0.073508
3.66962 3.05271 -0.843315 0.86722 0.25 0.672165 0.643007 0.367065
3.80362 1.89157 0.945324 0.950553 0.333333 0.672519 0.642748 0.36687
4.49772 2.20893 -0.880093 0.86722 0.333333 0.671778 0.64329 0.367277
3.11697 2.77676 0.655242 0.950553 0.25 0.67315 0.642285 0.366523
3.80362 1.89157 0.945324 0.950553 0.333333 0.672519 0.642748 0.36687
3.66962 3.05271 -0.843315 0.86722 0.25 0.672165 0.643007 0.367065
2.21545 3.45692 0.247522 -0.049447 0.166667 0.331267 0.768957 0.546779
1.7738 2.57851 1.75045 0.033886 0.25 0.330683 0.769221 0.546762
3.11697 2.77676 0.655242 -0.049447 0.25 0.332445 0.768424 0.546814
1.2662 3.30947 1.02545 0.033886 0.166667 0.328374 0.77026 0.546691
1.7738 2.57851 1.75045 0.033886 0.25 0.330683 0.769221 0.546762
2.21545 3.45692 0.247522 -0.049447 0.166667 0.331267 0.768957 0.546779
1.2662 3.30947 1.02545 0.033886 0.166667 0.118894 0.740253 0.661732
0 2.50673 2.15094 0.11722 0.25 0.11843 0.740584 0.661445
1.7738 2.57851 1.75045 0.033886 0.25 0.119567 0.739774 0.662147
0 3.2559 1.31001 0.11722 0.166667 0.117083 0.74154 0.660613
0 2.50673 2.15094 0.11722 0.25 0.11843 0.740584 0.661445
1.2662 3.30947 1.02545 0.033886 0.166667 0.118894 0.740253 0.661732
0 3.2559 1.31001 0.11722 0.166667 -0.118739 0.740807 0.66114
-1.7738 2.57851 1.75045 0.200553 0.25 -0.118483 0.740437 0.6616
0 2.50673 2.15094 0.11722 0.25 -0.119121 0.74136 0.660451
-1.2662 3.30947 1.02545 0.200553 0.166667 -0.117711 0.739318 0.662988
-1.7738 2.57851 1.75045 0.200553 0.25 -0.118483 0.740437 0.6616
0 3.2559 1.31001 0.11722 0.166667 -0.118739 0.740807 0.66114
-1.2662 3.30947 1.02545 0.200553 0.166667 -0.330766 0.769534 0.54627
-3.11697 2.77676 0.655242 0.283886 0.25 -0.330764 0.769155 0.546805
-1.7738 2.57851 1.75045 0.200553 0.25 -0.33077 0.770355 0.545109
-2.21545 3.45692 0.247522 0.283886 0.166667 -0.330753 0.767538 0.549078
-3.11697 2.77676 0.655242 0.283886 0.25 -0.330764 0.769155 0.546805
-1.2662 3.30947 1.02545 0.200553 0.166667 -0.330766 0.769534 0.54627
-2.21545 3.45692 0.247522 0.283886 0.166667 -0.471549 0.819838 0.324819
-3.66962 3.05271 -0.843315 0.36722 0.25 -0.471542 0.819847 0.324806
-3.11697 2.77676 0.655242 0.283886 0.25 -0.471579 0.819798 0.324874
-2.59341 3.66092 -0.816389 0.36722 0.166667 -0.471486 0.819919 0.324705
-3.66962 3.05271 -0.843315 0.36722 0.25 -0.471542 0.819847 0.324806
-2.21545 3.45692 0.247522 0.283886 0.166667 -0.471549 0.819838 0.324819
-2.59341 3.66092 -0.816389 0.36722 0.166667 -0.492444 0.87006 0.022242
-3.239 3.33459 -2.34473 0.450553 0.25 -0.492473 0.870043 0.022258
-3.66962 3.05271 -0.843315 0.36722 0.25 -0.4923 0.870143 0.022164
-2.27646 3.86787 -1.88173 0.450553 0.166667 -0.492727 0.869896 0.022397
-3.239 3.33459 -2.34473 0.450553 0.25 -0.492473 0.870043 0.022258
-2.59341 3.66092 -0.816389 0.36722 0.166667 -0.492444 0.87006 0.022242
-2.27646 3.86787 -1.88173 0.450553 0.166667 -0.364297 0.890469 -0.272677
-1.89582 3.54469 -3.44565 0.533886 0.25 -0.365295 0.890014 -0.272826
-3.239 3.33459 -2.34473 0.450553 0.25 -0.362704 0.891192 -0.272439
-1.32721 4.02124 -2.66251 0.533886 0.166667 -0.36836 0.88861 -0.273282
-1.89582 3.54469 -3.44565 0.533886 0.25 -0.365295 0.890014 -0.272826
-2.27646 3.86787 -1.88173 0.450553 0.166667 -0.364297 0.890469 -0.272677
-1.32721 4.02124 -2.66251 0.533886 0.166667 -0.131569 0.885831 -0.444964
0 3.62239 -3.84899 0.61722 0.25 -0.13244 0.885301 -0.44576
-1.89582 3.54469 -3.44565 0.533886 0.25 -0.130851 0.886267 -0.444307
0 4.07778 -2.94849 0.61722 0.166667 -0.134035 0.884326 -0.447216
0 3.62239 -3.84899 0.61722 0.25 -0.13244 0.885301 -0.44576
-1.32721 4.02124 -2.66251 0.533886 0.166667 -0.131569 0.885831 -0.444964
0 4.07778 -2.94849 0.61722 0.166667 0.131835 0.885097 -0.446345
1.89582 3.54469 -3.44565 0.700553 0.25 0.132275 0.885603 -0.445209
0 3.62239 -3.84899 0.61722 0.25 0.131436 0.884637 -0.447373
1.32721 4.02124 -2.66251 0.700553 0.166667 0.133191 0.886652 -0.442841
1.89582 3.54469 -3.44565 0.700553 0.25 0.132275 0.885603 -0.445209
0 4.07778 -2.94849 0.61722 0.166667 0.131835 0.885097 -0.446345
1.32721 4.02124 -2.66251 0.700553 0.166667 0.3651 0.889792 -0.273812
3.239 3.33459 -2.34473 0.783886 0.25 0.365047 0.89015 -0.272715
1.89582 3.54469 -3.44565 0.700553 0.25 0.3652 0.889111 -0.275881
2.27646 3.86787 -1.88173 0.783886 0.166667 0.364833 0.891543 -0.268418
3.239 3.33459 -2.34473 0.783886 0.25 0.365047 0.89015 -0.272715
1.32721 4.02124 -2.66251 0.700553 0.166667 0.3651 0.889792 -0.273812
2.27646 3.86787 -1.88173 0.783886 0.166667 0.492505 0.870026 0.022214
3.66962 3.05271 -0.843315 0.86722 0.25 0.492487 0.870035 0.022246
3.239 3.33459 -2.34473 0.783886 0.25 0.492602 0.869976 0.022046
2.59341 3.66092 -0.816389 0.86722 0.166667 0.492303 0.870131 0.022568
3.66962 3.05271 -0.843315 0.86722 0.25 0.492487 0.870035 0.022246
2.27646 3.86787 -1.88173 0.783886 0.166667 0.492505 0.870026 0.022214
2.59341 3.66092 -0.816389 0.86722 0.166667 0.471524 0.819855 0.324813
3.11697 2.77676 0.655242 0.950553 0.25 0.471537 0.81985 0.324805
3.66962 3.05271 -0.843315 0.86722 0.25 0.471465 0.819875 0.324846
2.21545 3.45692 0.247522 0.950553 0.166667 0.471649 0.819811 0.324742
3.11697 2.77676 0.655242 0.950553 0.25 0.471537 0.81985 0.324805
2.59341 3.66092 -0.816389 0.86722 0.166667 0.471524 0.819855 0.324813
1.15402 3.93426 -0.247106 -0.049447 0.083333 0.2029 0.885932 0.417081
1.2662 3.30947 1.02545 0.033886 0.166667 0.203406 0.885855 0.416998
2.21545 3.45692 0.247522 -0.049447 0.166667 0.20406 0.885755 0.416891
0.66282 3.85523 0.156884 0.033886 0.083333 0.200723 0.886261 0.417434
1.2662 3.30947 1.02545 0.033886 0.166667 0.203406 0.885855 0.416998
1.15402 3.93426 -0.247106 -0.049447 0.083333 0.2029 0.885932 0.417081
0.66282 3.85523 0.156884 0.033886 0.083333 0.07349 0.866999 0.492862
0 3.2559 1.31001 0.11722 0.166667 0.073692 0.866935 0.492944
1.2662 3.30947 1.02545 0.033886 0.166667 0.074146 0.86679 0.49313
0 3.82641 0.304704 0.11722 0.083333 0.072067 0.867449 0.492279
0 3.2559 1.31001 0.11722 0.166667 0.073692 0.866935 0.492944
0.66282 3.85523 0.156884 0.033886 0.083333 0.07349 0.866999 0.492862
0 3.82641 0.304704 0.11722 0.083333 -0.073482 0.86705 0.492773
-1.2662 3.30947 1.02545 0.200553 0.166667 -0.073612 0.867134 0.492604
0 3.2559 1.31001 0.11722 0.166667 -0.073916 0.867332 0.492211
-0.66282 3.85523 0.156884 0.200553 0.083333 -0.072504 0.866414 0.494035
-1.2662 3.30947 1.02545 0.200553 0.166667 -0.073612 0.867134 0.492604
0 3.82641 0.304704 0.11722 0.083333 -0.073482 0.86705 0.492773
-0.66282 3.85523 0.156884 0.200553 0.083333 -0.202929 0.885944 0.417041
-2.21545 3.45692 0.247522 0.283886 0.166667 -0.20301 0.886151 0.41656
-1.2662 3.30947 1.02545 0.200553 0.166667 -0.203125 0.886444 0.415881
-1.15402 3.93426 -0.247106 0.283886 0.083333 -0.202533 0.884932 0.419375
-2.21545 3.45692 0.247522 0.283886 0.166667 -0.20301 0.886151 0.41656
-0.66282 3.85523 0.156884 0.200553 0.083333 -0.202929 0.885944 0.417041
-1.15402 3.93426 -0.247106 0.283886 0.083333 -0.283884 0.917975 0.277006
-2.59341 3.66092 -0.816389 0.36722 0.166667 -0.283858 0.918007 0.276925
-2.21545 3.45692 0.247522 0.283886 0.166667 -0.283835 0.918036 0.276854
-1.34199 4.04291 -0.799299 0.36722 0.083333 -0.283964 0.917874 0.277258
-2.59341 3.66092 -0.816389 0.36722 0.166667 -0.283858 0.918007 0.276925
-1.15402 3.93426 -0.247106 0.283886 0.083333 -0.283884 0.917975 0.277006
-1.34199 4.04291 -0.799299 0.36722 0.083333 -0.291706 0.951478 0.09797
-2.27646 3.86787 -1.88173 0.450553 0.166667 -0.29174 0.951464 0.098002
-2.59341 3.66092 -0.816389 0.36722 0.166667 -0.291767 0.951453 0.098027
-1.17037 4.15235 -1.35187 0.450553 0.083333 -0.291613 0.951515 0.097885
-2.27646 3.86787 -1.88173 0.450553 0.166667 -0.29174 0.951464 0.098002
-1.34199 4.04291 -0.799299 0.36722 0.083333 -0.291706 0.951478 0.09797
-1.17037 4.15235 -1.35187 0.450553 0.083333 -0.216951 0.973566 -0.071424
-1.32721 4.02124 -2.66251 0.533886 0.166667 -0.216628 0.973635 -0.07147
-2.27646 3.86787 -1.88173 0.450553 0.166667 -0.216171 0.973732 -0.071534
-0.679168 4.23297 -1.75663 0.533886 0.083333 -0.218421 0.973252 -0.071216
-1.32721 4.02124 -2.66251 0.533886 0.166667 -0.216628 0.973635 -0.07147
-1.17037 4.15235 -1.35187 0.450553 0.083333 -0.216951 0.973566 -0.071424
-0.679168 4.23297 -1.75663 0.533886 0.083333 -0.079533 0.981681 -0.17314
0 4.07778 -2.94849 0.61722 0.166667 -0.079464 0.981693 -0.173102
-1.32721 4.02124 -2.66251 0.533886 0.166667 -0.079075 0.981762 -0.17289
0 4.26258 -1.90483 0.61722 0.083333 -0.08072 0.981469 -0.173788
0 4.07778 -2.94849 0.61722 0.166667 -0.079464 0.981693 -0.173102
-0.679168 4.23297 -1.75663 0.533886 0.083333 -0.079533 0.981681 -0.17314
0 4.26258 -1.90483 0.61722 0.083333 0.079554 0.981647 -0.173323
1.32721 4.02124 -2.66251 0.700553 0.166667 0.079513 0.981638 -0.173394
0 4.07778 -2.94849 0.61722 0.166667 0.079266 0.981584 -0.173809
0.679168 4.23297 -1.75663 0.700553 0.083333 0.080344 0.981816 -0.171995
1.32721 4.02124 -2.66251 0.700553 0.166667 0.079513 0.981638 -0.173394
0 4.26258 -1.90483 0.61722 0.083333 0.079554 0.981647 -0.173323
0.679168 4.23297 -1.75663 0.700553 0.083333 0.216932 0.973565 -0.071498
2.27646 3.86787 -1.88173 0.783886 0.166667 0.216901 0.973547 -0.07184
1.32721 4.02124 -2.66251 0.700553 0.166667 0.21685 0.973516 -0.072402
1.17037 4.15235 -1.35187 0.783886 0.083333 0.217109 0.973667 -0.069542
2.27646 3.86787 -1.88173 0.783886 0.166667 0.216901 0.973547 -0.07184
0.679168 4.23297 -1.75663 0.700553 0.083333 0.216932 0.973565 -0.071498
1.17037 4.15235 -1.35187 0.783886 0.083333 0.291716 0.951474 0.097971
2.59341 3.66092 -0.816389 0.86722 0.166667 0.291699 0.951475 0.098017
2.27646 3.86787 -1.88173 0.783886 0.166667 0.291685 0.951475 0.098056
1.34199 4.04291 -0.799299 0.86722 0.083333 0.29177 0.951473 0.097826
2.59341 3.66092 -0.816389 0.86722 0.166667 0.291699 0.951475 0.098017
1.17037 4.15235 -1.35187 0.783886 0.083333 0.291716 0.951474 0.097971
1.34199 4.04291 -0.799299 0.86722 0.083333 0.283867 0.917981 0.277004
2.21545 3.45692 0.247522 0.950553 0.166667 0.283935 0.917977 0.276945
2.59341 3.66092 -0.816389 0.86722 0.166667 0.28399 0.917975 0.276897
1.15402 3.93426 -0.247106 0.950553 0.083333 0.283664 0.917991 0.277179
2.21545 3.45692 0.247522 0.950553 0.166667 0.283935 0.917977 0.276945
1.34199 4.04291 -0.799299 0.86722 0.083333 0.283867 0.917981 0.277004
0 -4.06542 -0.836344 -0.00778 1 0.024152 -0.998966 0.038514
1.51964 -4.00208 -0.146471 -0.049447 0.916667 0.024152 -0.998966 0.038514
0.871366 -3.99824 0.359671 0.033886 0.916667 0.024152 -0.998966 0.038514
0 -4.06542 -0.836344 0.075553 1 0.008932 -0.99873 0.049589
0.871366 -3.99824 0.359671 0.033886 0.916667 0.008932 -0.99873 0.049589
0 -3.99683 0.544932 0.11722 0.916667 0.008932 -0.99873 0.049589
0 -4.06542 -0.836344 0.158886 1 -0.008932 -0.99873 0.049589
0 -3.99683 0.544932 0.11722 0.916667 -0.008932 -0.99873 0.049589
-0.871366 -3.99824 0.359671 0.200553 0.916667 -0.008932 -0.99873 0.049589
0 -4.06542 -0.836344 0.24222 1 -0.024152 -0.998966 0.038514
-0.871366 -3.99824 0.359671 0.200553 0.916667 -0.024152 -0.998966 0.038514
-1.51964 -4.00208 -0.146471 0.283886 0.916667 -0.024152 -0.998966 0.038514
0 -4.06542 -0.836344 0.325553 1 -0.032792 -0.999272 0.019508
-1.51964 -4.00208 -0.146471 0.283886 0.916667 -0.032792 -0.999272 0.019508
-1.77113 -4.00733 -0.837875 0.36722 0.916667 -0.032792 -0.999272 0.019508
0 -4.06542 -0.836344 0.408886 1 -0.032779 -0.999458 -0.002993
-1.77113 -4.00733 -0.837875 0.36722 0.916667 -0.032779 -0.999458 -0.002993
-1.54804 -4.01257 -1.52928 0.450553 0.916667 -0.032779 -0.999458 -0.002993
0 -4.06542 -0.836344 0.49222 1 -0.023843 -0.999452 -0.022956
-1.54804 -4.01257 -1.52928 0.450553 0.916667 -0.023843 -0.999452 -0.022956
-0.89976 -4.01641 -2.03542 0.533886 0.916667 -0.023843 -0.999452 -0.022956
0 -4.06542 -0.836344 0.575553 1 -0.008636 -0.999372 -0.034363
-0.89976 -4.01641 -2.03542 0.533886 0.916667 -0.008636 -0.999372 -0.034363
0 -4.01782 -2.22068 0.61722 0.916667 -0.008636 -0.999372 -0.034363
0 -4.06542 -0.836344 0.658886 1 0.008636 -0.999372 -0.034363
0 -4.01782 -2.22068 0.61722 0.916667 0.008636 -0.999372 -0.034363
0.89976 -4.01641 -2.03542 0.700553 0.916667 0.008636 -0.999372 -0.034363
0 -4.06542 -0.836344 0.74222 1 0.023843 -0.999452 -0.022956
0.89976 -4.01641 -2.03542 0.700553 0.916667 0.023843 -0.999452 -0.022956
1.54804 -4.01257 -1.52928 0.783886 0.916667 0.023843 -0.999452 -0.022956
0 -4.06542 -0.836344 0.825553 1 0.032779 -0.999458 -0.002993
1.54804 -4.01257 -1.52928 0.783886 0.916667 0.032779 -0.999458 -0.002993
1.77113 -4.00733 -0.837875 0.86722 0.916667 0.032779 -0.999458 -0.002993
0 -4.06542 -0.836344 0.908886 1 0.032792 -0.999272 0.019508
1.77113 -4.00733 -0.837875 0.86722 0.916667 0.032792 -0.999272 0.019508
1.51964 -4.00208 -0.146471 0.950553 0.916667 0.032792 -0.999272 0.019508
0 4.17314 -0.793441 -0.00778 0 0.069665 0.959647 0.272442
0.66282 3.85523 0.156884 0.033886 0.083333 0.069665 0.959647 0.272442
1.15402 3.93426 -0.247106 -0.049447 0.083333 0.069665 0.959647 0.272441
0 4.17314 -0.793441 0.075553 0 0.025675 0.953281 0.300992
0 3.82641 0.304704 0.11722 0.083333 0.025675 0.953281 0.300992
0.66282 3.85523 0.156884 0.033886 0.083333 0.025675 0.953281 0.300992
0 4.17314 -0.793441 0.158886 0 -0.025675 0.953281 0.300992
-0.66282 3.85523 0.156884 0.200553 0.083333 -0.025675 0.953281 0.300992
0 3.82641 0.304704 0.11722 0.083333 -0.025675 0.953281 0.300992
0 4.17314 -0.793441 0.24222 0 -0.069665 0.959647 0.272442
-1.15402 3.93426 -0.247106 0.283886 0.083333 -0.069665 0.959647 0.272441
-0.66282 3.85523 0.156884 0.200553 0.083333 -0.069665 0.959647 0.272442
0 4.17314 -0.793441 0.325553 0 -0.095117 0.970109 0.223252
-1.34199 4.04291 -0.799299 0.36722 0.083333 -0.095117 0.970109 0.223252
-1.15402 3.93426 -0.247106 0.283886 0.083333 -0.095117 0.970109 0.223252
0 4.17314 -0.793441 0.408886 0 -0.095984 0.981677 0.164615
-1.17037 4.15235 -1.35187 0.450553 0.083333 -0.095984 0.981677 0.164615
-1.34199 4.04291 -0.799299 0.36722 0.083333 -0.095984 0.981677 0.164615
0 4.17314 -0.793441 0.49222 0 -0.070811 0.991238 0.111502
-0.679168 4.23297 -1.75663 0.533886 0.083333 -0.070811 0.991238 0.111502
-1.17037 4.15235 -1.35187 0.450553 0.083333 -0.070811 0.991238 0.111502
0 4.17314 -0.793441 0.575553 0 -0.025951 0.996441 0.080194
0 4.26258 -1.90483 0.61722 0.083333 -0.025951 0.996441 0.080194
-0.679168 4.23297 -1.75663 0.533886 0.083333 -0.025951 0.996441 0.080194
0 4.17314 -0.793441 0.658886 0 0.025951 0.996441 0.080194
0.679168 4.23297 -1.75663 0.700553 0.083333 0.025951 0.996441 0.080194
0 4.26258 -1.90483 0.61722 0.083333 0.025951 0.996441 0.080194
0 4.17314 -0.793441 0.74222 0 0.070811 0.991238 0.111503
1.17037 4.15235 -1.35187 0.783886 0.083333 0.070811 0.991238 0.111503
0.679168 4.23297 -1.75663 0.700553 0.083333 0.070811 0.991238 0.111503
0 4.17314 -0.793441 0.825553 0 0.095984 0.981677 0.164615
1.34199 4.04291 -0.799299 0.86722 0.083333 0.095984 0.981677 0.164615
1.17037 4.15235 -1.35187 0.783886 0.083333 0.095984 0.981677 0.164615
0 4.17314 -0.793441 0.908886 0 0.095117 0.970109 0.223252
1.15402 3.93426 -0.247106 0.950553 0.083333 0.095117 0.970109 0.223252
1.34199 4.04291 -0.799299 0.86722 0.083333 0.095117 0.970109 0.223252
0 1.5831 2.76646 0.11722 0.333333 -0.20174 0.309597 0.92922
-2.39806 0.715986 2.53473 0.200553 0.416667 -0.200183 0.304775 0.931149
0 0.659966 3.07658 0.11722 0.416667 -0.202468 0.311853 0.928307
-2.15734 1.66489 2.27891 0.200553 0.333333 -0.5703 0.339215 0.748125
-4.23713 0.870956 1.05346 0.283886 0.416667 -0.56945 0.328929 0.753347
-2.39806 0.715986 2.53473 0.200553 0.416667 -0.570791 0.345599 0.744822
0 0.659966 3.07658 0.11722 0.416667 -0.215279 0.151364 0.964751
-2.51354 -0.409646 2.68351 0.200553 0.5 -0.214847 0.150249 0.965021
0 -0.433154 3.24881 0.11722 0.5 -0.215519 0.151984 0.9646
-2.39806 0.715986 2.53473 0.200553 0.416667 -0.612033 0.163349 0.773779
-4.44584 -0.345419 1.13907 0.283886 0.5 -0.61146 0.161003 0.774722
-2.51354 -0.409646 2.68351 0.200553 0.5 -0.612438 0.165018 0.773104
-3.80362 1.89157 0.945324 0.283886 0.333333 -0.842855 0.386444 0.374509
-5.02444 1.0872 -0.97219 0.36722 0.416667 -0.844987 0.376078 0.380214
-4.23713 0.870956 1.05346 0.283886 0.416667 -0.840726 0.396199 0.369062
-5.02444 1.0872 -0.97219 0.36722 0.416667 -0.952353 0.173393 -0.250914
-4.69788 -0.169949 -3.08041 0.450553 0.5 -0.953714 0.16918 -0.248613
-5.27913 -0.257684 -0.970667 0.36722 0.5 -0.950279 0.179671 -0.254337
-4.23713 0.870956 1.05346 0.283886 0.416667 -0.911798 0.179059 0.369543
-5.27913 -0.257684 -0.970667 0.36722 0.5 -0.911718 0.175997 0.371209
-4.44584 -0.345419 1.13907 0.283886 0.5 -0.911872 0.182346 0.367748
-4.49772 2.20893 -0.880093 0.36722 0.333333 -0.888392 0.417556 -0.190808
-4.46546 1.30869 -3.00037 0.450553 0.416667 -0.893915 0.407532 -0.186635
-5.02444 1.0872 -0.97219 0.36722 0.416667 -0.881342 0.429928 -0.195953
-4.46546 1.30869 -3.00037 0.450553 0.416667 -0.624508 0.133301 -0.769559
-2.76559 -0.105723 -4.62484 0.533886 0.5 -0.627205 0.12848 -0.768184
-4.69788 -0.169949 -3.08041 0.450553 0.5 -0.621079 0.139372 -0.771257
-3.98666 2.53518 -2.70979 0.450553 0.333333 -0.605157 0.388183 -0.695053
-2.62639 1.47416 -4.4867 0.533886 0.416667 -0.612121 0.378231 -0.694441
-4.46546 1.30869 -3.00037 0.450553 0.416667 -0.597989 0.398238 -0.695569
-2.62639 1.47416 -4.4867 0.533886 0.416667 -0.201373 0.100558 -0.974339
0 -0.082214 -5.19014 0.61722 0.5 -0.202738 0.098235 -0.974293
-2.76559 -0.105723 -4.62484 0.533886 0.5 -0.200043 0.102821 -0.974377
-2.34038 2.77963 -4.05194 0.533886 0.333333 -0.200336 0.344837 -0.917035
0 1.53543 -5.03108 0.61722 0.416667 -0.203258 0.340196 -0.918125
-2.62639 1.47416 -4.4867 0.533886 0.416667 -0.198023 0.348494 -0.916155
0 -0.082214 -5.19014 0.61722 0.5 0.197252 -0.116688 -0.973384
2.71864 -1.51912 -4.46697 0.700553 0.583333 0.197674 -0.115894 -0.973393
0 -1.50578 -5.01859 0.61722 0.583333 0.196927 -0.117299 -0.973376
2.76559 -0.105723 -4.62484 0.700553 0.5 0.617259 -0.105974 -0.77959
4.61947 -1.55559 -2.9599 0.783886 0.583333 0.618107 -0.104366 -0.779135
2.71864 -1.51912 -4.46697 0.700553 0.583333 0.616397 -0.107602 -0.780049
4.69788 -0.169949 -3.08041 0.783886 0.5 0.960135 -0.076775 -0.268788
5.19316 -1.60539 -0.901201 0.86722 0.583333 0.960316 -0.076044 -0.268348
4.61947 -1.55559 -2.9599 0.783886 0.583333 0.959893 -0.077746 -0.269373
5.27913 -0.257684 -0.970667 0.86722 0.5 0.92923 -0.041876 0.367122
4.37535 -1.6552 1.1575 0.950553 0.583333 0.929491 -0.043304 0.366294
5.19316 -1.60539 -0.901201 0.86722 0.583333 0.928936 -0.040284 0.368042
4.44584 -0.345419 1.13907 -0.049447 0.5 0.622421 -0.024972 0.782284
2.47452 -1.69166 2.66457 0.033886 0.583333 0.623655 -0.028009 0.781198
4.37535 -1.6552 1.1575 -0.049447 0.583333 0.62138 -0.022423 0.783188
2.51354 -0.409646 2.68351 0.033886 0.5 0.218222 -0.022232 0.975646
0 -1.70501 3.21619 0.11722 0.583333 0.219011 -0.023851 0.975431
2.47452 -1.69166 2.66457 0.033886 0.583333 0.217641 -0.021041 0.975802
0 3.37516 1.40212 0.125 0.5 0.313364 -0.705958 0.635158
-0 3.32302 1.34417 0.125 0.625 0.313364 -0.705958 0.635158
1.59485 3.44576 0.693751 0 0.625 0.313364 -0.705958 0.635158
-1.62912 3.50053 0.737718 0.25 0.5 -0.313364 -0.705959 0.635158
-1.59485 3.44576 0.693751 0.25 0.625 -0.313364 -0.705959 0.635158
-0 3.32302 1.34417 0.125 0.625 -0.313364 -0.705959 0.635158
-2.30392 3.80319 -0.86628 0.375 0.5 -0.751835 -0.629047 0.197596
-2.25545 3.74206 -0.876507 0.375 0.625 -0.751835 -0.629047 0.197596
-1.59485 3.44576 0.693751 0.25 0.625 -0.751835 -0.629047 0.197596
-1.62912 4.10587 -2.47028 0.5 0.5 -0.746191 -0.52252 -0.412519
-1.59485 4.03836 -2.44676 0.5 0.625 -0.746191 -0.52252 -0.412519
-2.25545 3.74206 -0.876507 0.375 0.625 -0.746191 -0.52252 -0.412519
0 4.23124 -3.13468 0.625 0.5 -0.307704 -0.448521 -0.839135
-0 4.1611 -3.09719 0.625 0.625 -0.307704 -0.448521 -0.839135
-1.59485 4.03836 -2.44676 0.5 0.625 -0.307704 -0.448521 -0.839135
1.62912 4.10587 -2.47028 0.75 0.5 0.307705 -0.448519 -0.839135
1.59485 4.03836 -2.44676 0.75 0.625 0.307705 -0.448519 -0.839135
-0 4.1611 -3.09719 0.625 0.625 0.307705 -0.448519 -0.839135
2.30392 3.80319 -0.86628 0.875 0.5 0.746192 -0.522518 -0.412519
2.25545 3.74206 -0.876507 0.875 0.625 0.746192 -0.522518 -0.412519
1.59485 4.03836 -2.44676 0.75 0.625 0.746192 -0.522518 -0.412519
1.62912 3.50053 0.737718 1 0.5 0.751835 -0.629047 0.197597
1.59485 3.44576 0.693751 1 0.625 0.751835 -0.629047 0.197597
2.25545 3.74206 -0.876507 0.875 0.625 0.751835 -0.629047 0.197597
0 3.49962 1.24481 0.125 0.375 0.18922 0.770049 0.609278
0 3.37516 1.40212 0.125 0.5 0.18922 0.77005 0.609278
1.62912 3.50053 0.737718 0 0.5 0.18922 0.770049 0.609278
-1.50511 3.61544 0.63099 0.25 0.375 -0.18922 0.770049 0.609278
-1.62912 3.50053 0.737718 0.25 0.5 -0.18922 0.770049 0.609278
0 3.37516 1.40212 0.125 0.5 -0.18922 0.770049 0.609278
-2.12854 3.89507 -0.850912 0.375 0.375 -0.458875 0.817786 0.347361
-2.30392 3.80319 -0.86628 0.375 0.5 -0.458875 0.817786 0.347361
-1.62912 3.50053 0.737718 0.25 0.5 -0.458875 0.817786 0.347361
-1.50511 4.1747 -2.33281 0.5 0.375 -0.462032 0.886449 -0.027107
-1.62912 4.10587 -2.47028 0.5 0.5 -0.462032 0.886449 -0.027107
-2.30392 3.80319 -0.86628 0.375 0.5 -0.462032 0.886449 -0.027107
0 4.29053 -2.94664 0.625 0.375 -0.19238 0.935892 -0.29512
0 4.23124 -3.13468 0.625 0.5 -0.19238 0.935892 -0.29512
-1.62912 4.10587 -2.47028 0.5 0.5 -0.19238 0.935892 -0.29512
1.50511 4.1747 -2.33281 0.75 0.375 0.19238 0.935892 -0.295119
1.62912 4.10587 -2.47028 0.75 0.5 0.19238 0.935892 -0.295119
0 4.23124 -3.13468 0.625 0.5 0.19238 0.935892 -0.295119
2.12854 3.89507 -0.850912 0.875 0.375 0.462032 0.886449 -0.027107
2.30392 3.80319 -0.86628 0.875 0.5 0.462032 0.886449 -0.027107
1.62912 4.10587 -2.47028 0.75 0.5 0.462032 0.886449 -0.027107
1.50511 3.61544 0.63099 1 0.375 0.458875 0.817786 0.347361
1.62912 3.50053 0.737718 1 0.5 0.458875 0.817786 0.347361
2.30392 3.80319 -0.86628 0.875 0.5 0.458875 0.817786 0.347361
0 3.74082 0.777913 0.125 0.25 0.117983 0.882243 0.455772
0 3.49962 1.24481 0.125 0.375 0.117983 0.882243 0.455772
1.50511 3.61544 0.63099 0 0.375 0.117983 0.882243 0.455772
-1.15196 3.82947 0.308112 0.25 0.25 -0.117983 0.882243 0.455772
-1.50511 3.61544 0.63099 0.25 0.375 -0.117983 0.882243 0.455772
0 3.49962 1.24481 0.125 0.375 -0.117983 0.882243 0.455772
-1.62912 4.04349 -0.826086 0.375 0.25 -0.285738 0.912604 0.292416
-2.12854 3.89507 -0.850912 0.375 0.375 -0.285738 0.912604 0.292416
-1.50511 3.61544 0.63099 0.25 0.375 -0.285738 0.912604 0.292416
-1.15196 4.25751 -1.96028 0.5 0.25 -0.287077 0.95605 0.059631
-1.50511 4.1747 -2.33281 0.5 0.375 -0.287077 0.95605 0.059631
-2.12854 3.89507 -0.850912 0.375 0.375 -0.287077 0.95605 0.059631
0 4.34616 -2.43008 0.625 0.25 -0.119322 0.987148 -0.10631
0 4.29053 -2.94664 0.625 0.375 -0.119322 0.987148 -0.10631
-1.50511 4.1747 -2.33281 0.5 0.375 -0.119322 0.987148 -0.10631
1.15196 4.25751 -1.96028 0.75 0.25 0.119322 0.987148 -0.10631
1.50511 4.1747 -2.33281 0.75 0.375 0.119322 0.987148 -0.10631
0 4.29053 -2.94664 0.625 0.375 0.119322 0.987148 -0.10631
1.62912 4.04349 -0.826086 0.875 0.25 0.287077 0.95605 0.059631
2.12854 3.89507 -0.850912 0.875 0.375 0.287077 0.95605 0.059631
1.50511 4.1747 -2.33281 0.75 0.375 0.287077 0.95605 0.059631
1.15196 3.82947 0.308112 1 0.25 0.285738 0.912605 0.292416
1.50511 3.61544 0.63099 1 0.375 0.285738 0.912605 0.292416
2.12854 3.89507 -0.850912 0.875 0.375 0.285738 0.912605 0.292416
0 3.98372 0.059394 0.125 0.125 0.057611 0.945758 0.319724
0 3.74082 0.777913 0.125 0.25 0.057611 0.945758 0.319724
1.15196 3.82947 0.308112 0 0.25 0.057611 0.945758 0.319724
-0.623436 4.0317 -0.19486 0.25 0.125 -0.057611 0.945758 0.319724
-1.15196 3.82947 0.308112 0.25 0.25 -0.057611 0.945758 0.319724
0 3.74082 0.777913 0.125 0.25 -0.057611 0.945758 0.319724
-0.881671 4.14753 -0.808684 0.375 0.125 -0.139313 0.96075 0.2399
-1.62912 4.04349 -0.826086 0.375 0.25 -0.139313 0.96075 0.2399
-1.15196 3.82947 0.308112 0.25 0.25 -0.139313 0.96075 0.2399
-0.623436 4.26335 -1.42251 0.5 0.125 -0.139643 0.98208 0.126567
-1.15196 4.25751 -1.96028 0.5 0.25 -0.139643 0.98208 0.126567
-1.62912 4.04349 -0.826086 0.375 0.25 -0.139643 0.98208 0.126567
0 4.31133 -1.67676 0.625 0.125 -0.057941 0.997255 0.046107
0 4.34616 -2.43008 0.625 0.25 -0.057941 0.997255 0.046107
-1.15196 4.25751 -1.96028 0.5 0.25 -0.057941 0.997255 0.046107
0.623436 4.26335 -1.42251 0.75 0.125 0.057941 0.997255 0.046107
1.15196 4.25751 -1.96028 0.75 0.25 0.057941 0.997255 0.046107
0 4.34616 -2.43008 0.625 0.25 0.057941 0.997255 0.046107
0.881671 4.14753 -0.808684 0.875 0.125 0.139643 0.98208 0.126568
1.62912 4.04349 -0.826086 0.875 0.25 0.139643 0.98208 0.126568
1.15196 4.25751 -1.96028 0.75 0.25 0.139643 0.98208 0.126567
0.623436 4.0317 -0.19486 1 0.125 0.139313 0.96075 0.2399
1.15196 3.82947 0.308112 1 0.25 0.139313 0.96075 0.2399
1.62912 4.04349 -0.826086 0.875 0.25 0.139313 0.96075 0.2399
0 4.18406 -0.802573 0.0625 0 0.017365 0.973891 0.22635
0 3.98372 0.059394 0.125 0.125 0.017365 0.973891 0.22635
0.623436 4.0317 -0.19486 0 0.125 0.017365 0.973891 0.22635
0 4.18406 -0.802573 0.1875 0 -0.017365 0.973891 0.22635
-0.623436 4.0317 -0.19486 0.25 0.125 -0.017365 0.973891 0.22635
0 3.98372 0.059394 0.125 0.125 -0.017365 0.973891 0.22635
0 4.18406 -0.802573 0.3125 0 -0.041944 0.97843 0.202274
-0.881671 4.14753 -0.808684 0.375 0.125 -0.041944 0.978431 0.202274
-0.623436 4.0317 -0.19486 0.25 0.125 -0.041944 0.97843 0.202274
0 4.18406 -0.802573 0.4375 0 -0.041974 0.984862 0.16818
-0.623436 4.26335 -1.42251 0.5 0.125 -0.041974 0.984862 0.16818
-0.881671 4.14753 -0.808684 0.375 0.125 -0.041974 0.984862 0.16818
0 4.18406 -0.802573 0.5625 0 -0.017395 0.989418 0.144048
0 4.31133 -1.67676 0.625 0.125 -0.017395 0.989418 0.144048
-0.623436 4.26335 -1.42251 0.5 0.125 -0.017395 0.989418 0.144048
0 4.18406 -0.802573 0.6875 0 0.017395 0.989418 0.144048
0.623436 4.26335 -1.42251 0.75 0.125 0.017395 0.989418 0.144048
0 4.31133 -1.67676 0.625 0.125 0.017395 0.989418 0.144048
0 4.18406 -0.802573 0.8125 0 0.041974 0.984862 0.168181
0.881671 4.14753 -0.808684 0.875 0.125 0.041974 0.984862 0.16818
0.623436 4.26335 -1.42251 0.75 0.125 0.041974 0.984862 0.16818
0 4.18406 -0.802573 0.9375 0 0.041944 0.97843 0.202274
0.623436 4.0317 -0.19486 1 0.125 0.041944 0.978431 0.202274
0.881671 4.14753 -0.808684 0.875 0.125 0.041944 0.978431 0.202274
