Vertex Count:912

Data:

2.85685 -2.05599 1.69036 -0.049447 0.833333 0.057938 -0.996638 0.057938
0.85188 -2.18266 1.51637 0.033886 0.916667 0.057938 -0.996638 0.057938
1.4755 -2.18266 0.892748 -0.049447 0.916667 0.057938 -0.996638 0.057938
1.6494 -2.05599 2.89781 0.033886 0.833333 0.057938 -0.996638 0.057938
0.85188 -2.18266 1.51637 0.033886 0.916667 0.057938 -0.996638 0.057938
2.85685 -2.05599 1.69036 -0.049447 0.833333 0.057938 -0.996638 0.057938
1.6494 -2.05599 2.89781 0.033886 0.833333 0.021206 -0.996638 0.079143
0 -2.18266 1.74463 0.11722 0.916667 0.021206 -0.996638 0.079143
0.85188 -2.18266 1.51637 0.033886 0.916667 0.021206 -0.996638 0.079143
0 -2.05599 3.33976 0.11722 0.833333 0.021206 -0.996638 0.079143
0 -2.18266 1.74463 0.11722 0.916667 0.021206 -0.996638 0.079143
1.6494 -2.05599 2.89781 0.033886 0.833333 0.021206 -0.996638 0.079143
0 -2.05599 3.33976 0.11722 0.833333 -0.021206 -0.996638 0.079143
-0.85188 -2.18266 1.51637 0.200553 0.916667 -0.021206 -0.996638 0.079143
0 -2.18266 1.74463 0.11722 0.916667 -0.021206 -0.996638 0.079143
-1.6494 -2.05599 2.89781 0.200553 0.833333 -0.021206 -0.996638 0.079143
-0.85188 -2.18266 1.51637 0.200553 0.916667 -0.021206 -0.996638 0.079143
0 -2.05599 3.33976 0.11722 0.833333 -0.021206 -0.996638 0.079143
-1.6494 -2.05599 2.89781 0.200553 0.833333 -0.057938 -0.996638 0.057938
-1.4755 -2.18266 0.892748 0.283886 0.916667 -0.057938 -0.996638 0.057938
-0.85188 -2.18266 1.51637 0.200553 0.916667 -0.057938 -0.996638 0.057938
-2.85685 -2.05599 1.69036 0.283886 0.833333 -0.057938 -0.996638 0.057938
-1.4755 -2.18266 0.892748 0.283886 0.916667 -0.057938 -0.996638 0.057938
-1.6494 -2.05599 2.89781 0.200553 0.833333 -0.057938 -0.996638 0.057938
-2.85685 -2.05599 1.69036 0.283886 0.833333 -0.079147 -0.996637 0.021207
-1.70376 -2.18266 0.040868 0.36722 0.916667 -0.079147 -0.996637 0.021207
-1.4755 -2.18266 0.892748 0.283886 0.916667 -0.079147 -0.996637 0.021207
-3.2988 -2.05599 0.04096 0.36722 0.833333 -0.079147 -0.996637 0.021207
-1.70376 -2.18266 0.040868 0.36722 0.916667 -0.079147 -0.996637 0.021207
-2.85685 -2.05599 1.69036 0.283886 0.833333 -0.079147 -0.996637 0.021207
-3.2988 -2.05599 0.04096 0.36722 0.833333 -0.079149 -0.996637 -0.021208
-1.4755 -2.18266 -0.811011 0.450553 0.916667 -0.079149 -0.996637 -0.021208
-1.70376 -2.18266 0.040868 0.36722 0.916667 -0.079149 -0.996637 -0.021208
-2.85685 -2.05599 -1.60844 0.450553 0.833333 -0.079149 -0.996637 -0.021208
-1.4755 -2.18266 -0.811011 0.450553 0.916667 -0.079149 -0.996637 -0.021208
-3.2988 -2.05599 0.04096 0.36722 0.833333 -0.079149 -0.996637 -0.021208
-2.85685 -2.05599 -1.60844 0.450553 0.833333 -0.057943 -0.996637 -0.057943
-0.85188 -2.18266 -1.43463 0.533886 0.916667 -0.057943 -0.996637 -0.057943
-1.4755 -2.18266 -0.811011 0.450553 0.916667 -0.057943 -0.996637 -0.057943
-1.6494 -2.05599 -2.81589 0.533886 0.833333 -0.057943 -0.996637 -0.057942
-0.85188 -2.18266 -1.43463 0.533886 0.916667 -0.057943 -0.996637 -0.057943
-2.85685 -2.05599 -1.60844 0.450553 0.833333 -0.057943 -0.996637 -0.057943
-1.6494 -2.05599 -2.81589 0.533886 0.833333 -0.021209 -0.996637 -0.079152
0 -2.18266 -1.66289 0.61722 0.916667 -0.021209 -0.996637 -0.079152
-0.85188 -2.18266 -1.43463 0.533886 0.916667 -0.021209 -0.996637 -0.079152
0 -2.05599 -3.25784 0.61722 0.833333 -0.021209 -0.996637 -0.079152
0 -2.18266 -1.66289 0.61722 0.916667 -0.021209 -0.996637 -0.079152
-1.6494 -2.05599 -2.81589 0.533886 0.833333 -0.021209 -0.996637 -0.079152
0 -2.05599 -3.25784 0.61722 0.833333 0.021209 -0.996637 -0.079152
0.85188 -2.18266 -1.43463 0.700553 0.916667 0.021209 -0.996637 -0.079152
0 -2.18266 -1.66289 0.61722 0.916667 0.021209 -0.996637 -0.079152
1.6494 -2.05599 -2.81589 0.700553 0.833333 0.021209 -0.996637 -0.079152
0.85188 -2.18266 -1.43463 0.700553 0.916667 0.021209 -0.996637 -0.079152
0 -2.05599 -3.25784 0.61722 0.833333 0.021209 -0.996637 -0.079152
1.6494 -2.05599 -2.81589 0.700553 0.833333 0.057943 -0.996637 -0.057943
1.4755 -2.18266 -0.811011 0.783886 0.916667 0.057943 -0.996637 -0.057943
0.85188 -2.18266 -1.43463 0.700553 0.916667 0.057943 -0.996637 -0.057943
2.85685 -2.05599 -1.60844 0.783886 0.833333 0.057943 -0.996637 -0.057943
1.4755 -2.18266 -0.811011 0.783886 0.916667 0.057943 -0.996637 -0.057943
1.6494 -2.05599 -2.81589 0.700553 0.833333 0.057943 -0.996637 -0.057943
2.85685 -2.05599 -1.60844 0.783886 0.833333 0.079149 -0.996637 -0.021208
1.70376 -2.18266 0.040868 0.86722 0.916667 0.079149 -0.996637 -0.021208
1.4755 -2.18266 -0.811011 0.783886 0.916667 0.079149 -0.996637 -0.021208
3.2988 -2.05599 0.04096 0.86722 0.833333 0.079149 -0.996637 -0.021208
1.70376 -2.18266 0.040868 0.86722 0.916667 0.079149 -0.996637 -0.021208
2.85685 -2.05599 -1.60844 0.783886 0.833333 0.079149 -0.996637 -0.021208
3.2988 -2.05599 0.04096 0.86722 0.833333 0.079147 -0.996637 0.021207
1.4755 -2.18266 0.892748 0.950553 0.916667 0.079147 -0.996637 0.021207
1.70376 -2.18266 0.040868 0.86722 0.916667 0.079147 -0.996637 0.021207
2.85685 -2.05599 1.69036 0.950553 0.833333 0.079147 -0.996637 0.021207
1.4755 -2.18266 0.892748 0.950553 0.916667 0.079147 -0.996637 0.021207
3.2988 -2.05599 0.04096 0.86722 0.833333 0.079147 -0.996637 0.021207
3.51013 -1.73846 2.06776 -0.049447 0.75 0.282432 -0.916768 0.282432
1.6494 -2.05599 2.89781 0.033886 0.833333 0.282432 -0.916768 0.282432
2.85685 -2.05599 1.69036 -0.049447 0.833333 0.282432 -0.916768 0.282432
2.02657 -1.73846 3.55132 0.033886 0.75 0.282432 -0.916768 0.282432
1.6494 -2.05599 2.89781 0.033886 0.833333 0.282432 -0.916768 0.282432
3.51013 -1.73846 2.06776 -0.049447 0.75 0.282432 -0.916768 0.282432
2.02657 -1.73846 3.55132 0.033886 0.75 0.10337 -0.91678 0.385783
0 -2.05599 3.33976 0.11722 0.833333 0.10337 -0.91678 0.385783
1.6494 -2.05599 2.89781 0.033886 0.833333 0.10337 -0.91678 0.385783
0 -1.73846 4.09434 0.11722 0.75 0.10337 -0.91678 0.385783
0 -2.05599 3.33976 0.11722 0.833333 0.10337 -0.91678 0.385783
2.02657 -1.73846 3.55132 0.033886 0.75 0.10337 -0.91678 0.385783
0 -1.73846 4.09434 0.11722 0.75 -0.10337 -0.91678 0.385783
-1.6494 -2.05599 2.89781 0.200553 0.833333 -0.10337 -0.91678 0.385783
0 -2.05599 3.33976 0.11722 0.833333 -0.10337 -0.91678 0.385783
-2.02657 -1.73846 3.55132 0.200553 0.75 -0.10337 -0.91678 0.385783
-1.6494 -2.05599 2.89781 0.200553 0.833333 -0.10337 -0.91678 0.385783
0 -1.73846 4.09434 0.11722 0.75 -0.10337 -0.91678 0.385783
-2.02657 -1.73846 3.55132 0.200553 0.75 -0.282432 -0.916768 0.282432
-2.85685 -2.05599 1.69036 0.283886 0.833333 -0.282432 -0.916768 0.282432
-1.6494 -2.05599 2.89781 0.200553 0.833333 -0.282432 -0.916768 0.282432
-3.51013 -1.73846 2.06776 0.283886 0.75 -0.282432 -0.916768 0.282432
-2.85685 -2.05599 1.69036 0.283886 0.833333 -0.282432 -0.916768 0.282432
-2.02657 -1.73846 3.55132 0.200553 0.75 -0.282432 -0.916768 0.282432
-3.51013 -1.73846 2.06776 0.283886 0.75 -0.385855 -0.916748 0.10339
-3.2988 -2.05599 0.04096 0.36722 0.833333 -0.385855 -0.916748 0.10339
-2.85685 -2.05599 1.69036 0.283886 0.833333 -0.385855 -0.916748 0.10339
-4.05315 -1.73846 0.04119 0.36722 0.75 -0.385856 -0.916748 0.10339
-3.2988 -2.05599 0.04096 0.36722 0.833333 -0.385855 -0.916748 0.10339
-3.51013 -1.73846 2.06776 0.283886 0.75 -0.385855 -0.916748 0.10339
-4.05315 -1.73846 0.04119 0.36722 0.75 -0.385908 -0.916724 -0.103404
-2.85685 -2.05599 -1.60844 0.450553 0.833333 -0.385908 -0.916724 -0.103404
-3.2988 -2.05599 0.04096 0.36722 0.833333 -0.385908 -0.916724 -0.103404
-3.51013 -1.73846 -1.98538 0.450553 0.75 -0.385908 -0.916724 -0.103404
-2.85685 -2.05599 -1.60844 0.450553 0.833333 -0.385908 -0.916724 -0.103404
-4.05315 -1.73846 0.04119 0.36722 0.75 -0.385908 -0.916724 -0.103404
-3.51013 -1.73846 -1.98538 0.450553 0.75 -0.282538 -0.916703 -0.282538
-1.6494 -2.05599 -2.81589 0.533886 0.833333 -0.282538 -0.916703 -0.282538
-2.85685 -2.05599 -1.60844 0.450553 0.833333 -0.282538 -0.916703 -0.282538
-2.02657 -1.73846 -3.46894 0.533886 0.75 -0.282538 -0.916703 -0.282538
-1.6494 -2.05599 -2.81589 0.533886 0.833333 -0.282538 -0.916703 -0.282538
-3.51013 -1.73846 -1.98538 0.450553 0.75 -0.282538 -0.916703 -0.282538
-2.02657 -1.73846 -3.46894 0.533886 0.75 -0.103423 -0.916691 -0.385981
0 -2.05599 -3.25784 0.61722 0.833333 -0.103423 -0.916691 -0.385981
-1.6494 -2.05599 -2.81589 0.533886 0.833333 -0.103423 -0.916691 -0.385981
0 -1.73846 -4.01196 0.61722 0.75 -0.103423 -0.916691 -0.385981
0 -2.05599 -3.25784 0.61722 0.833333 -0.103423 -0.916691 -0.385981
-2.02657 -1.73846 -3.46894 0.533886 0.75 -0.103423 -0.916691 -0.385981
0 -1.73846 -4.01196 0.61722 0.75 0.103423 -0.916691 -0.385981
1.6494 -2.05599 -2.81589 0.700553 0.833333 0.103423 -0.916691 -0.385981
0 -2.05599 -3.25784 0.61722 0.833333 0.103423 -0.916691 -0.385981
2.02657 -1.73846 -3.46894 0.700553 0.75 0.103423 -0.916691 -0.385981
1.6494 -2.05599 -2.81589 0.700553 0.833333 0.103423 -0.916691 -0.385981
0 -1.73846 -4.01196 0.61722 0.75 0.103423 -0.916691 -0.385981
2.02657 -1.73846 -3.46894 0.700553 0.75 0.282538 -0.916703 -0.282538
2.85685 -2.05599 -1.60844 0.783886 0.833333 0.282538 -0.916703 -0.282538
1.6494 -2.05599 -2.81589 0.700553 0.833333 0.282538 -0.916703 -0.282538
3.51013 -1.73846 -1.98538 0.783886 0.75 0.282538 -0.916703 -0.282538
2.85685 -2.05599 -1.60844 0.783886 0.833333 0.282538 -0.916703 -0.282538
2.02657 -1.73846 -3.46894 0.700553 0.75 0.282538 -0.916703 -0.282538
3.51013 -1.73846 -1.98538 0.783886 0.75 0.385908 -0.916724 -0.103404
3.2988 -2.05599 0.04096 0.86722 0.833333 0.385908 -0.916724 -0.103404
2.85685 -2.05599 -1.60844 0.783886 0.833333 0.385908 -0.916724 -0.103404
4.05315 -1.73846 0.04119 0.86722 0.75 0.385908 -0.916724 -0.103404
3.2988 -2.05599 0.04096 0.86722 0.833333 0.385908 -0.916724 -0.103404
3.51013 -1.73846 -1.98538 0.783886 0.75 0.385908 -0.916724 -0.103404
4.05315 -1.73846 0.04119 0.86722 0.75 0.385855 -0.916748 0.103389
2.85685 -2.05599 1.69036 0.950553 0.833333 0.385855 -0.916748 0.10339
3.2988 -2.05599 0.04096 0.86722 0.833333 0.385855 -0.916748 0.103389
3.51013 -1.73846 2.06776 0.950553 0.75 0.385855 -0.916748 0.10339
2.85685 -2.05599 1.69036 0.950553 0.833333 0.385855 -0.916748 0.10339
4.05315 -1.73846 0.04119 0.86722 0.75 0.385855 -0.916748 0.103389
4.07374 -1.12631 2.39361 -0.049447 0.666667 0.493195 -0.716602 0.493195
2.02657 -1.73846 3.55132 0.033886 0.75 0.493195 -0.716601 0.493195
3.51013 -1.73846 2.06776 -0.049447 0.75 0.493195 -0.716602 0.493195
2.35197 -1.12631 4.11537 0.033886 0.666667 0.493195 -0.716601 0.493195
2.02657 -1.73846 3.55132 0.033886 0.75 0.493195 -0.716601 0.493195
4.07374 -1.12631 2.39361 -0.049447 0.666667 0.493195 -0.716602 0.493195
2.35197 -1.12631 4.11537 0.033886 0.666667 0.180505 -0.716665 0.673654
0 -1.73846 4.09434 0.11722 0.75 0.180505 -0.716665 0.673654
2.02657 -1.73846 3.55132 0.033886 0.75 0.180505 -0.716665 0.673654
0 -1.12631 4.74558 0.11722 0.666667 0.180505 -0.716665 0.673654
0 -1.73846 4.09434 0.11722 0.75 0.180505 -0.716665 0.673654
2.35197 -1.12631 4.11537 0.033886 0.666667 0.180505 -0.716665 0.673654
0 -1.12631 4.74558 0.11722 0.666667 -0.180505 -0.716665 0.673654
-2.02657 -1.73846 3.55132 0.200553 0.75 -0.180505 -0.716665 0.673654
0 -1.73846 4.09434 0.11722 0.75 -0.180505 -0.716665 0.673654
-2.35197 -1.12631 4.11537 0.200553 0.666667 -0.180505 -0.716665 0.673654
-2.02657 -1.73846 3.55132 0.200553 0.75 -0.180505 -0.716665 0.673654
0 -1.12631 4.74558 0.11722 0.666667 -0.180505 -0.716665 0.673654
-2.35197 -1.12631 4.11537 0.200553 0.666667 -0.493195 -0.716602 0.493195
-3.51013 -1.73846 2.06776 0.283886 0.75 -0.493195 -0.716601 0.493195
-2.02657 -1.73846 3.55132 0.200553 0.75 -0.493195 -0.716602 0.493195
-4.07374 -1.12631 2.39361 0.283886 0.666667 -0.493195 -0.716601 0.493195
-3.51013 -1.73846 2.06776 0.283886 0.75 -0.493195 -0.716601 0.493195
-2.35197 -1.12631 4.11537 0.200553 0.666667 -0.493195 -0.716602 0.493195
-4.07374 -1.12631 2.39361 0.283886 0.666667 -0.673826 -0.716491 0.180551
-4.05315 -1.73846 0.04119 0.36722 0.75 -0.673826 -0.716492 0.180551
-3.51013 -1.73846 2.06776 0.283886 0.75 -0.673827 -0.716491 0.180551
-4.70394 -1.12631 0.041634 0.36722 0.666667 -0.673826 -0.716492 0.180551
-4.05315 -1.73846 0.04119 0.36722 0.75 -0.673826 -0.716492 0.180551
-4.07374 -1.12631 2.39361 0.283886 0.666667 -0.673826 -0.716491 0.180551
-4.70394 -1.12631 0.041634 0.36722 0.666667 -0.673953 -0.716363 -0.180585
-3.51013 -1.73846 -1.98538 0.450553 0.75 -0.673952 -0.716364 -0.180585
-4.05315 -1.73846 0.04119 0.36722 0.75 -0.673953 -0.716363 -0.180585
-4.07374 -1.12631 -2.31034 0.450553 0.666667 -0.673952 -0.716364 -0.180585
-3.51013 -1.73846 -1.98538 0.450553 0.75 -0.673952 -0.716364 -0.180585
-4.70394 -1.12631 0.041634 0.36722 0.666667 -0.673953 -0.716363 -0.180585
-4.07374 -1.12631 -2.31034 0.450553 0.666667 -0.493448 -0.716253 -0.493448
-2.02657 -1.73846 -3.46894 0.533886 0.75 -0.493448 -0.716253 -0.493448
-3.51013 -1.73846 -1.98538 0.450553 0.75 -0.493448 -0.716254 -0.493448
-2.35197 -1.12631 -4.0321 0.533886 0.666667 -0.493448 -0.716253 -0.493448
-2.02657 -1.73846 -3.46894 0.533886 0.75 -0.493448 -0.716253 -0.493448
-4.07374 -1.12631 -2.31034 0.450553 0.666667 -0.493448 -0.716253 -0.493448
-2.35197 -1.12631 -4.0321 0.533886 0.666667 -0.180631 -0.71619 -0.674125
0 -1.73846 -4.01196 0.61722 0.75 -0.180631 -0.71619 -0.674125
-2.02657 -1.73846 -3.46894 0.533886 0.75 -0.180631 -0.716189 -0.674125
0 -1.12631 -4.66231 0.61722 0.666667 -0.180631 -0.71619 -0.674125
0 -1.73846 -4.01196 0.61722 0.75 -0.180631 -0.71619 -0.674125
-2.35197 -1.12631 -4.0321 0.533886 0.666667 -0.180631 -0.71619 -0.674125
0 -1.12631 -4.66231 0.61722 0.666667 0.180631 -0.71619 -0.674125
2.02657 -1.73846 -3.46894 0.700553 0.75 0.180631 -0.71619 -0.674125
0 -1.73846 -4.01196 0.61722 0.75 0.180631 -0.71619 -0.674125
2.35197 -1.12631 -4.0321 0.700553 0.666667 0.180631 -0.71619 -0.674125
2.02657 -1.73846 -3.46894 0.700553 0.75 0.180631 -0.71619 -0.674125
0 -1.12631 -4.66231 0.61722 0.666667 0.180631 -0.71619 -0.674125
2.35197 -1.12631 -4.0321 0.700553 0.666667 0.493448 -0.716253 -0.493448
3.51013 -1.73846 -1.98538 0.783886 0.75 0.493448 -0.716253 -0.493448
2.02657 -1.73846 -3.46894 0.700553 0.75 0.493448 -0.716253 -0.493448
4.07374 -1.12631 -2.31034 0.783886 0.666667 0.493448 -0.716253 -0.493448
3.51013 -1.73846 -1.98538 0.783886 0.75 0.493448 -0.716253 -0.493448
2.35197 -1.12631 -4.0321 0.700553 0.666667 0.493448 -0.716253 -0.493448
4.07374 -1.12631 -2.31034 0.783886 0.666667 0.673953 -0.716364 -0.180585
4.05315 -1.73846 0.04119 0.86722 0.75 0.673953 -0.716364 -0.180585
3.51013 -1.73846 -1.98538 0.783886 0.75 0.673953 -0.716363 -0.180585
4.70394 -1.12631 0.041634 0.86722 0.666667 0.673953 -0.716364 -0.180585
4.05315 -1.73846 0.04119 0.86722 0.75 0.673953 -0.716364 -0.180585
4.07374 -1.12631 -2.31034 0.783886 0.666667 0.673953 -0.716364 -0.180585
4.70394 -1.12631 0.041634 0.86722 0.666667 0.673826 -0.716491 0.180551
3.51013 -1.73846 2.06776 0.950553 0.75 0.673826 -0.716491 0.180551
4.05315 -1.73846 0.04119 0.86722 0.75 0.673826 -0.716492 0.180551
4.07374 -1.12631 2.39361 0.950553 0.666667 0.673826 -0.716491 0.180551
3.51013 -1.73846 2.06776 0.950553 0.75 0.673826 -0.716491 0.180551
4.70394 -1.12631 0.041634 0.86722 0.666667 0.673826 -0.716491 0.180551
4.4634 -0.396281 2.61911 -0.049447 0.583333 0.607447 -0.511876 0.607447
2.35197 -1.12631 4.11537 0.033886 0.666667 0.607447 -0.511876 0.607446
4.07374 -1.12631 2.39361 -0.049447 0.666667 0.607447 -0.511876 0.607447
2.57695 -0.396281 4.50557 0.033886 0.583333 0.607447 -0.511877 0.607446
2.35197 -1.12631 4.11537 0.033886 0.666667 0.607447 -0.511876 0.607446
4.4634 -0.396281 2.61911 -0.049447 0.583333 0.607447 -0.511876 0.607447
2.57695 -0.396281 4.50557 0.033886 0.583333 0.222323 -0.511995 0.829719
0 -1.12631 4.74558 0.11722 0.666667 0.222323 -0.511995 0.829719
2.35197 -1.12631 4.11537 0.033886 0.666667 0.222323 -0.511995 0.829719
0 -0.396281 5.19606 0.11722 0.583333 0.222323 -0.511995 0.829719
0 -1.12631 4.74558 0.11722 0.666667 0.222323 -0.511995 0.829719
2.57695 -0.396281 4.50557 0.033886 0.583333 0.222323 -0.511995 0.829719
0 -0.396281 5.19606 0.11722 0.583333 -0.222323 -0.511995 0.829719
-2.35197 -1.12631 4.11537 0.200553 0.666667 -0.222323 -0.511995 0.829719
0 -1.12631 4.74558 0.11722 0.666667 -0.222323 -0.511995 0.829719
-2.57695 -0.396281 4.50557 0.200553 0.583333 -0.222323 -0.511995 0.829719
-2.35197 -1.12631 4.11537 0.200553 0.666667 -0.222323 -0.511995 0.829719
0 -0.396281 5.19606 0.11722 0.583333 -0.222323 -0.511995 0.829719
-2.57695 -0.396281 4.50557 0.200553 0.583333 -0.607447 -0.511876 0.607447
-4.07374 -1.12631 2.39361 0.283886 0.666667 -0.607447 -0.511876 0.607447
-2.35197 -1.12631 4.11537 0.200553 0.666667 -0.607446 -0.511876 0.607447
-4.4634 -0.396281 2.61911 0.283886 0.583333 -0.607447 -0.511876 0.607447
-4.07374 -1.12631 2.39361 0.283886 0.666667 -0.607447 -0.511876 0.607447
-2.57695 -0.396281 4.50557 0.200553 0.583333 -0.607447 -0.511876 0.607447
-4.4634 -0.396281 2.61911 0.283886 0.583333 -0.829906 -0.51167 0.222373
-4.70394 -1.12631 0.041634 0.36722 0.666667 -0.829906 -0.51167 0.222373
-4.07374 -1.12631 2.39361 0.283886 0.666667 -0.829906 -0.51167 0.222373
-5.15389 -0.396281 0.042163 0.36722 0.583333 -0.829906 -0.51167 0.222373
-4.70394 -1.12631 0.041634 0.36722 0.666667 -0.829906 -0.51167 0.222373
-4.4634 -0.396281 2.61911 0.283886 0.583333 -0.829906 -0.51167 0.222373
-5.15389 -0.396281 0.042163 0.36722 0.583333 -0.830043 -0.511433 -0.222409
-4.07374 -1.12631 -2.31034 0.450553 0.666667 -0.830043 -0.511432 -0.222409
-4.70394 -1.12631 0.041634 0.36722 0.666667 -0.830043 -0.511433 -0.222409
-4.4634 -0.396281 -2.53478 0.450553 0.583333 -0.830043 -0.511432 -0.222409
-4.07374 -1.12631 -2.31034 0.450553 0.666667 -0.830043 -0.511432 -0.222409
-5.15389 -0.396281 0.042163 0.36722 0.583333 -0.830043 -0.511433 -0.222409
-4.4634 -0.396281 -2.53478 0.450553 0.583333 -0.60772 -0.511226 -0.60772
-2.35197 -1.12631 -4.0321 0.533886 0.666667 -0.60772 -0.511226 -0.60772
-4.07374 -1.12631 -2.31034 0.450553 0.666667 -0.60772 -0.511226 -0.60772
-2.57695 -0.396281 -4.42124 0.533886 0.583333 -0.60772 -0.511226 -0.60772
-2.35197 -1.12631 -4.0321 0.533886 0.666667 -0.60772 -0.511226 -0.60772
-4.4634 -0.396281 -2.53478 0.450553 0.583333 -0.60772 -0.511226 -0.60772
-2.57695 -0.396281 -4.42124 0.533886 0.583333 -0.222459 -0.511107 -0.83023
0 -1.12631 -4.66231 0.61722 0.666667 -0.222459 -0.511107 -0.83023
-2.35197 -1.12631 -4.0321 0.533886 0.666667 -0.222459 -0.511107 -0.83023
0 -0.396281 -5.11173 0.61722 0.583333 -0.222459 -0.511107 -0.83023
0 -1.12631 -4.66231 0.61722 0.666667 -0.222459 -0.511107 -0.83023
-2.57695 -0.396281 -4.42124 0.533886 0.583333 -0.222459 -0.511107 -0.83023
0 -0.396281 -5.11173 0.61722 0.583333 0.222459 -0.511107 -0.83023
2.35197 -1.12631 -4.0321 0.700553 0.666667 0.222459 -0.511107 -0.83023
0 -1.12631 -4.66231 0.61722 0.666667 0.222459 -0.511107 -0.83023
2.57695 -0.396281 -4.42124 0.700553 0.583333 0.222459 -0.511107 -0.83023
2.35197 -1.12631 -4.0321 0.700553 0.666667 0.222459 -0.511107 -0.83023
0 -0.396281 -5.11173 0.61722 0.583333 0.222459 -0.511107 -0.83023
2.57695 -0.396281 -4.42124 0.700553 0.583333 0.60772 -0.511226 -0.60772
4.07374 -1.12631 -2.31034 0.783886 0.666667 0.60772 -0.511226 -0.60772
2.35197 -1.12631 -4.0321 0.700553 0.666667 0.60772 -0.511227 -0.60772
4.4634 -0.396281 -2.53478 0.783886 0.583333 0.60772 -0.511226 -0.607721
4.07374 -1.12631 -2.31034 0.783886 0.666667 0.60772 -0.511226 -0.60772
2.57695 -0.396281 -4.42124 0.700553 0.583333 0.60772 -0.511226 -0.60772
4.4634 -0.396281 -2.53478 0.783886 0.583333 0.830043 -0.511432 -0.222409
4.70394 -1.12631 0.041634 0.86722 0.666667 0.830043 -0.511432 -0.222409
4.07374 -1.12631 -2.31034 0.783886 0.666667 0.830043 -0.511432 -0.222409
5.15389 -0.396281 0.042163 0.86722 0.583333 0.830043 -0.511432 -0.222409
4.70394 -1.12631 0.041634 0.86722 0.666667 0.830043 -0.511432 -0.222409
4.4634 -0.396281 -2.53478 0.783886 0.583333 0.830043 -0.511432 -0.222409
5.15389 -0.396281 0.042163 0.86722 0.583333 0.829906 -0.51167 0.222373
4.07374 -1.12631 2.39361 0.950553 0.666667 0.829906 -0.51167 0.222373
4.70394 -1.12631 0.041634 0.86722 0.666667 0.829906 -0.51167 0.222373
4.4634 -0.396281 2.61911 0.950553 0.583333 0.829906 -0.51167 0.222373
4.07374 -1.12631 2.39361 0.950553 0.666667 0.829906 -0.51167 0.222373
5.15389 -0.396281 0.042163 0.86722 0.583333 0.829906 -0.51167 0.222373
2.66351 0.604994 4.61333 0.033886 0.5 0.700541 -0.135961 0.700541
2.57695 -0.396281 4.50557 0.033886 0.583333 0.700541 -0.135961 0.700541
4.61333 0.604994 2.66351 -0.049447 0.5 0.700541 -0.135961 0.700541
0 0.604994 5.32702 0.11722 0.5 0.256778 -0.125341 0.958308
0 -0.396281 5.19606 0.11722 0.583333 0.256778 -0.125341 0.958308
2.66351 0.604994 4.61333 0.033886 0.5 0.256778 -0.125341 0.958308
0 0.604994 5.32702 0.11722 0.5 -0.256778 -0.125341 0.958308
-2.57695 -0.396281 4.50557 0.200553 0.583333 -0.256778 -0.125341 0.958308
0 -0.396281 5.19606 0.11722 0.583333 -0.256778 -0.125341 0.958308
-2.66351 0.604994 4.61333 0.200553 0.5 -0.256778 -0.125341 0.958308
-2.57695 -0.396281 4.50557 0.200553 0.583333 -0.256778 -0.125341 0.958308
0 0.604994 5.32702 0.11722 0.5 -0.256778 -0.125341 0.958308
-2.66351 0.604994 4.61333 0.200553 0.5 -0.700541 -0.135961 0.700541
-4.4634 -0.396281 2.61911 0.283886 0.583333 -0.700541 -0.135962 0.700541
-2.57695 -0.396281 4.50557 0.200553 0.583333 -0.700541 -0.135961 0.700541
-4.61333 0.604994 2.66351 0.283886 0.5 -0.700541 -0.135962 0.700541
-4.4634 -0.396281 2.61911 0.283886 0.583333 -0.700541 -0.135962 0.700541
-2.66351 0.604994 4.61333 0.200553 0.5 -0.700541 -0.135961 0.700541
-4.61333 0.604994 2.66351 0.283886 0.5 -0.954366 -0.154245 0.255722
-5.15389 -0.396281 0.042163 0.36722 0.583333 -0.954366 -0.154245 0.255722
-4.4634 -0.396281 2.61911 0.283886 0.583333 -0.954366 -0.154245 0.255722
-5.32702 0.604994 0 0.36722 0.5 -0.954366 -0.154245 0.255722
-5.15389 -0.396281 0.042163 0.36722 0.583333 -0.954366 -0.154245 0.255722
-4.61333 0.604994 2.66351 0.283886 0.5 -0.954366 -0.154245 0.255722
-5.32702 0.604994 0 0.36722 0.5 -0.950993 -0.17516 -0.254818
-4.4634 -0.396281 -2.53478 0.450553 0.583333 -0.950993 -0.17516 -0.254818
-5.15389 -0.396281 0.042163 0.36722 0.583333 -0.950993 -0.175161 -0.254818
-4.61333 0.604994 -2.66351 0.450553 0.5 -0.950993 -0.17516 -0.254818
-4.4634 -0.396281 -2.53478 0.450553 0.583333 -0.950993 -0.17516 -0.254818
-5.32702 0.604994 0 0.36722 0.5 -0.950993 -0.17516 -0.254818
-4.61333 0.604994 -2.66351 0.450553 0.5 -0.693801 -0.193084 -0.693801
-2.57695 -0.396281 -4.42124 0.533886 0.583333 -0.6938 -0.193084 -0.693801
-4.4634 -0.396281 -2.53478 0.450553 0.583333 -0.693801 -0.193084 -0.693801
-2.66351 0.604994 -4.61333 0.533886 0.5 -0.6938 -0.193084 -0.693801
-2.57695 -0.396281 -4.42124 0.533886 0.583333 -0.6938 -0.193084 -0.693801
-4.61333 0.604994 -2.66351 0.450553 0.5 -0.693801 -0.193084 -0.693801
-2.66351 0.604994 -4.61333 0.533886 0.5 -0.253412 -0.203347 -0.945745
0 -0.396281 -5.11173 0.61722 0.583333 -0.253412 -0.203347 -0.945745
-2.57695 -0.396281 -4.42124 0.533886 0.583333 -0.253412 -0.203347 -0.945745
0 0.604994 -5.32702 0.61722 0.5 -0.253412 -0.203347 -0.945745
0 -0.396281 -5.11173 0.61722 0.583333 -0.253412 -0.203347 -0.945745
-2.66351 0.604994 -4.61333 0.533886 0.5 -0.253412 -0.203347 -0.945745
2.66351 0.604994 -4.61333 0.700553 0.5 0.253412 -0.203346 -0.945745
2.57695 -0.396281 -4.42124 0.700553 0.583333 0.253412 -0.203347 -0.945745
0 0.604994 -5.32702 0.61722 0.5 0.253412 -0.203347 -0.945745
4.61333 0.604994 -2.66351 0.783886 0.5 0.6938 -0.193085 -0.693801
4.4634 -0.396281 -2.53478 0.783886 0.583333 0.693801 -0.193084 -0.693801
2.66351 0.604994 -4.61333 0.700553 0.5 0.693801 -0.193084 -0.693801
5.32702 0.604994 0 0.86722 0.5 0.950993 -0.175159 -0.254818
5.15389 -0.396281 0.042163 0.86722 0.583333 0.950993 -0.17516 -0.254818
4.61333 0.604994 -2.66351 0.783886 0.5 0.950993 -0.17516 -0.254818
4.61333 0.604994 2.66351 0.950553 0.5 0.954366 -0.154244 0.255722
4.4634 -0.396281 2.61911 0.950553 0.583333 0.954366 -0.154244 0.255722
5.32702 0.604994 0 0.86722 0.5 0.954366 -0.154245 0.255722
4.46151 1.53184 2.61737 -0.049447 0.416667 0.698188 0.152097 0.699571
2.66351 0.604994 4.61333 0.033886 0.5 0.694912 0.161123 0.700812
4.61333 0.604994 2.66351 -0.049447 0.5 0.699179 0.149329 0.699178
2.57352 1.47736 4.49745 0.033886 0.416667 0.693594 0.164701 0.701286
2.66351 0.604994 4.61333 0.033886 0.5 0.694912 0.161123 0.700812
4.46151 1.53184 2.61737 -0.049447 0.416667 0.698188 0.152097 0.699571
2.57352 1.47736 4.49745 0.033886 0.416667 0.25537 0.154273 0.954456
0 0.604994 5.32702 0.11722 0.5 0.254053 0.157923 0.95421
2.66351 0.604994 4.61333 0.033886 0.5 0.255765 0.153176 0.954527
0 1.45742 5.18476 0.11722 0.416667 0.25358 0.159233 0.954119
0 0.604994 5.32702 0.11722 0.5 0.254053 0.157923 0.95421
2.57352 1.47736 4.49745 0.033886 0.416667 0.25537 0.154273 0.954456
-2.57352 1.47736 4.49745 0.200553 0.416667 -0.253877 0.153051 0.955051
-2.66351 0.604994 4.61333 0.200553 0.5 -0.254217 0.154307 0.954758
0 1.45742 5.18476 0.11722 0.416667 -0.255205 0.157977 0.953894
-4.46151 1.53184 2.61737 0.283886 0.416667 -0.695591 0.148923 0.702834
-4.61333 0.604994 2.66351 0.283886 0.5 -0.695991 0.152143 0.701747
-2.57352 1.47736 4.49745 0.200553 0.416667 -0.697085 0.1613 0.698609
-5.15809 1.60627 0.043614 0.36722 0.416667 -0.953339 0.14941 0.262338
-5.32702 0.604994 0 0.36722 0.5 -0.953105 0.153537 0.2608
-4.46151 1.53184 2.61737 0.283886 0.416667 -0.952412 0.164237 0.256782
-4.47256 1.68069 -2.53652 0.450553 0.416667 -0.955952 0.154558 -0.249534
-4.61333 0.604994 -2.66351 0.450553 0.5 -0.954978 0.158492 -0.250793
-5.15809 1.60627 0.043614 0.36722 0.416667 -0.952688 0.167468 -0.253652
-2.58457 1.73518 -4.42935 0.533886 0.416667 -0.700984 0.162025 -0.694529
-2.66351 0.604994 -4.61333 0.533886 0.5 -0.699858 0.164833 -0.695003
-4.47256 1.68069 -2.53652 0.450553 0.416667 -0.697568 0.170492 -0.695939
0 1.75512 -5.12302 0.61722 0.416667 -0.256713 0.168787 -0.951635
0 0.604994 -5.32702 0.61722 0.5 -0.256244 0.169815 -0.951578
-2.58457 1.73518 -4.42935 0.533886 0.416667 -0.255378 0.171712 -0.951471
0 1.75512 -5.12302 0.61722 0.416667 0.255454 0.169791 -0.951796
2.66351 0.604994 -4.61333 0.700553 0.5 0.256166 0.171676 -0.951266
0 0.604994 -5.32702 0.61722 0.5 0.255102 0.168862 -0.952055
2.58457 1.73518 -4.42935 0.700553 0.416667 0.256565 0.17273 -0.950967
2.66351 0.604994 -4.61333 0.700553 0.5 0.256166 0.171676 -0.951266
0 1.75512 -5.12302 0.61722 0.416667 0.255454 0.169791 -0.951796
2.58457 1.73518 -4.42935 0.700553 0.416667 0.698196 0.164794 -0.696681
4.61333 0.604994 -2.66351 0.783886 0.5 0.699228 0.17036 -0.694304
2.66351 0.604994 -4.61333 0.700553 0.5 0.69773 0.162318 -0.697729
4.47256 1.68069 -2.53652 0.783886 0.416667 0.699778 0.173386 -0.692999
4.61333 0.604994 -2.66351 0.783886 0.5 0.699228 0.17036 -0.694304
2.58457 1.73518 -4.42935 0.700553 0.416667 0.698196 0.164794 -0.696681
4.47256 1.68069 -2.53652 0.783886 0.416667 0.954084 0.158464 -0.254192
5.32702 0.604994 0 0.86722 0.5 0.953611 0.167248 -0.250307
4.61333 0.604994 -2.66351 0.783886 0.5 0.954243 0.15506 -0.255689
5.15809 1.60627 0.043614 0.86722 0.416667 0.953341 0.171657 -0.248346
5.32702 0.604994 0 0.86722 0.5 0.953611 0.167248 -0.250307
4.47256 1.68069 -2.53652 0.783886 0.416667 0.954084 0.158464 -0.254192
5.15809 1.60627 0.043614 0.86722 0.416667 0.954125 0.15351 0.257062
4.61333 0.604994 2.66351 0.950553 0.5 0.951442 0.163991 0.26051
5.32702 0.604994 0 0.86722 0.5 0.955001 0.149972 0.255892
4.46151 1.53184 2.61737 0.950553 0.416667 0.950198 0.168687 0.262046
4.61333 0.604994 2.66351 0.950553 0.5 0.951442 0.163991 0.26051
5.15809 1.60627 0.043614 0.86722 0.416667 0.954125 0.15351 0.257062
4.05163 2.3063 2.53095 -0.049447 0.333333 0.634494 0.41521 0.651935
2.57352 1.47736 4.49745 0.033886 0.416667 0.622482 0.434412 0.651001
4.46151 1.53184 2.61737 -0.049447 0.416667 0.637551 0.410202 0.652122
2.33525 2.20321 4.23012 0.033886 0.333333 0.617435 0.442268 0.650518
2.57352 1.47736 4.49745 0.033886 0.416667 0.622482 0.434412 0.651001
4.05163 2.3063 2.53095 -0.049447 0.333333 0.634494 0.41521 0.651935
2.33525 2.20321 4.23012 0.033886 0.333333 0.232358 0.404594 0.884485
0 1.45742 5.18476 0.11722 0.416667 0.228683 0.412592 0.881744
2.57352 1.47736 4.49745 0.033886 0.416667 0.233279 0.402579 0.885162
0 2.16547 4.85062 0.11722 0.333333 0.227293 0.415599 0.880691
0 1.45742 5.18476 0.11722 0.416667 0.228683 0.412592 0.881744
2.33525 2.20321 4.23012 0.033886 0.333333 0.232358 0.404594 0.884485
-2.33525 2.20321 4.23012 0.200553 0.333333 -0.229095 0.401747 0.886631
-2.57352 1.47736 4.49745 0.200553 0.416667 -0.229696 0.404784 0.885093
0 2.16547 4.85062 0.11722 0.333333 -0.231298 0.412925 0.880905
-4.05163 2.3063 2.53095 0.283886 0.333333 -0.63008 0.407257 0.661167
-4.46151 1.53184 2.61737 0.283886 0.416667 -0.629337 0.415382 0.656805
-2.33525 2.20321 4.23012 0.200553 0.333333 -0.62724 0.435573 0.645636
-4.68924 2.44713 0.200481 0.36722 0.333333 -0.862828 0.432188 0.262185
-5.15809 1.60627 0.043614 0.36722 0.416667 -0.85886 0.442821 0.257428
-4.05163 2.3063 2.53095 0.283886 0.333333 -0.84972 0.465863 0.246877
-4.07037 2.58796 -2.14077 0.450553 0.333333 -0.860689 0.46849 -0.199327
-4.47256 1.68069 -2.53652 0.450553 0.416667 -0.854597 0.478537 -0.201659
-4.68924 2.44713 0.200481 0.36722 0.333333 -0.842865 0.497157 -0.205944
-2.35399 2.69106 -3.86152 0.533886 0.333333 -0.626321 0.50425 -0.59452
-2.58457 1.73518 -4.42935 0.533886 0.416667 -0.621321 0.511172 -0.593854
-4.07037 2.58796 -2.14077 0.450553 0.333333 -0.613045 0.522415 -0.59267
0 2.7288 -4.4928 0.61722 0.333333 -0.227699 0.529098 -0.81744
0 1.75512 -5.12302 0.61722 0.416667 -0.226136 0.531508 -0.81631
-2.35399 2.69106 -3.86152 0.533886 0.333333 -0.223768 0.535142 -0.814587
0 2.7288 -4.4928 0.61722 0.333333 0.22433 0.531353 -0.816909
2.58457 1.73518 -4.42935 0.700553 0.416667 0.225629 0.534901 -0.814231
0 1.75512 -5.12302 0.61722 0.416667 0.22369 0.529603 -0.81822
2.35399 2.69106 -3.86152 0.700553 0.333333 0.22649 0.537255 -0.812441
2.58457 1.73518 -4.42935 0.700553 0.416667 0.225629 0.534901 -0.814231
0 2.7288 -4.4928 0.61722 0.333333 0.22433 0.531353 -0.816909
2.35399 2.69106 -3.86152 0.700553 0.333333 0.617614 0.510965 -0.597886
4.47256 1.68069 -2.53652 0.783886 0.416667 0.617185 0.521526 -0.589147
2.58457 1.73518 -4.42935 0.700553 0.416667 0.617763 0.506396 -0.601608
4.07037 2.58796 -2.14077 0.783886 0.333333 0.616859 0.528043 -0.583657
4.47256 1.68069 -2.53652 0.783886 0.416667 0.617185 0.521526 -0.589147
2.35399 2.69106 -3.86152 0.700553 0.333333 0.617614 0.510965 -0.597886
4.07037 2.58796 -2.14077 0.783886 0.333333 0.852724 0.478474 -0.209583
5.15809 1.60627 0.043614 0.86722 0.416667 0.845572 0.495668 -0.198295
4.47256 1.68069 -2.53652 0.783886 0.416667 0.855183 0.47227 -0.213595
4.68924 2.44713 0.200481 0.86722 0.333333 0.84147 0.50502 -0.19205
5.15809 1.60627 0.043614 0.86722 0.416667 0.845572 0.495668 -0.198295
4.07037 2.58796 -2.14077 0.783886 0.333333 0.852724 0.478474 -0.209583
4.68924 2.44713 0.200481 0.86722 0.333333 0.861391 0.442806 0.248855
4.46151 1.53184 2.61737 0.950553 0.416667 0.84801 0.464215 0.255702
5.15809 1.60627 0.043614 0.86722 0.416667 0.865242 0.436406 0.246794
4.05163 2.3063 2.53095 0.950553 0.333333 0.841471 0.474243 0.258884
4.46151 1.53184 2.61737 0.950553 0.416667 0.84801 0.464215 0.255702
4.68924 2.44713 0.200481 0.86722 0.333333 0.861391 0.442806 0.248855
3.34389 2.96431 2.20123 -0.049447 0.25 0.452433 0.7374 0.501543
2.33525 2.20321 4.23012 0.033886 0.333333 0.453048 0.736934 0.501673
4.05163 2.3063 2.53095 -0.049447 0.333333 0.452153 0.737613 0.501483
1.92796 2.88013 3.60458 0.033886 0.25 0.453529 0.736569 0.501775
2.33525 2.20321 4.23012 0.033886 0.333333 0.453048 0.736934 0.501673
3.34389 2.96431 2.20123 -0.049447 0.25 0.452433 0.7374 0.501543
1.92796 2.88013 3.60458 0.033886 0.25 0.166985 0.721376 0.67211
0 2.16547 4.85062 0.11722 0.333333 0.167153 0.721194 0.672265
2.33525 2.20321 4.23012 0.033886 0.333333 0.16691 0.721459 0.67204
0 2.84932 4.11728 0.11722 0.25 0.167283 0.721051 0.672385
0 2.16547 4.85062 0.11722 0.333333 0.167153 0.721194 0.672265
1.92796 2.88013 3.60458 0.033886 0.25 0.166985 0.721376 0.67211
0 2.84932 4.11728 0.11722 0.25 -0.167044 0.72117 0.672317
-2.33525 2.20321 4.23012 0.200553 0.333333 -0.167106 0.721357 0.672101
0 2.16547 4.85062 0.11722 0.333333 -0.167016 0.721084 0.672416
-1.92796 2.88013 3.60458 0.200553 0.25 -0.167155 0.721505 0.67193
-2.33525 2.20321 4.23012 0.200553 0.333333 -0.167106 0.721357 0.672101
0 2.84932 4.11728 0.11722 0.25 -0.167044 0.72117 0.672317
-1.92796 2.88013 3.60458 0.200553 0.25 -0.452866 0.73686 0.501946
-4.05163 2.3063 2.53095 0.283886 0.333333 -0.452704 0.737359 0.501359
-2.33525 2.20321 4.23012 0.200553 0.333333 -0.452942 0.736627 0.50222
-3.34389 2.96431 2.20123 0.283886 0.25 -0.452573 0.737763 0.500883
-4.05163 2.3063 2.53095 0.283886 0.333333 -0.452704 0.737359 0.501359
-1.92796 2.88013 3.60458 0.200553 0.25 -0.452866 0.73686 0.501946
-3.34389 2.96431 2.20123 0.283886 0.25 -0.609902 0.763375 0.212786
-4.68924 2.44713 0.200481 0.36722 0.333333 -0.609305 0.764009 0.21222
-4.05163 2.3063 2.53095 0.283886 0.333333 -0.610191 0.763068 0.21306
-3.86841 3.07929 0.277979 0.36722 0.25 -0.608805 0.764539 0.211747
-4.68924 2.44713 0.200481 0.36722 0.333333 -0.609305 0.764009 0.21222
-3.34389 2.96431 2.20123 0.283886 0.25 -0.609902 0.763375 0.212786
-3.86841 3.07929 0.277979 0.36722 0.25 -0.599418 0.792706 -0.110976
-4.07037 2.58796 -2.14077 0.450553 0.333333 -0.598627 0.793278 -0.111158
-4.68924 2.44713 0.200481 0.36722 0.333333 -0.599814 0.792419 -0.110885
-3.35639 3.19428 -1.65246 0.450553 0.25 -0.597945 0.79377 -0.111315
-4.07037 2.58796 -2.14077 0.450553 0.333333 -0.598627 0.793278 -0.111158
-3.86841 3.07929 0.277979 0.36722 0.25 -0.599418 0.792706 -0.110976
-3.35639 3.19428 -1.65246 0.450553 0.25 -0.431934 0.816965 -0.382102
-2.35399 2.69106 -3.86152 0.533886 0.333333 -0.43137 0.817342 -0.381932
-4.07037 2.58796 -2.14077 0.450553 0.333333 -0.432221 0.816772 -0.382188
-1.94045 3.27846 -3.07019 0.533886 0.25 -0.430878 0.81767 -0.381784
-2.35399 2.69106 -3.86152 0.533886 0.333333 -0.43137 0.817342 -0.381932
-3.35639 3.19428 -1.65246 0.450553 0.25 -0.431934 0.816965 -0.382102
-1.94045 3.27846 -3.07019 0.533886 0.25 -0.156597 0.830534 -0.5345
0 2.7288 -4.4928 0.61722 0.333333 -0.156448 0.830661 -0.534346
-2.35399 2.69106 -3.86152 0.533886 0.333333 -0.156674 0.830469 -0.53458
0 3.30927 -3.59008 0.61722 0.25 -0.156318 0.830773 -0.534211
0 2.7288 -4.4928 0.61722 0.333333 -0.156448 0.830661 -0.534346
-1.94045 3.27846 -3.07019 0.533886 0.25 -0.156597 0.830534 -0.5345
0 3.30927 -3.59008 0.61722 0.25 0.156545 0.830676 -0.534295
2.35399 2.69106 -3.86152 0.700553 0.333333 0.156488 0.830552 -0.534504
0 2.7288 -4.4928 0.61722 0.333333 0.156574 0.830739 -0.534189
1.94045 3.27846 -3.07019 0.700553 0.25 0.156439 0.830445 -0.534684
2.35399 2.69106 -3.86152 0.700553 0.333333 0.156488 0.830552 -0.534504
0 3.30927 -3.59008 0.61722 0.25 0.156545 0.830676 -0.534295
1.94045 3.27846 -3.07019 0.700553 0.25 0.431534 0.817374 -0.381677
4.07037 2.58796 -2.14077 0.783886 0.333333 0.431676 0.817026 -0.382262
2.35399 2.69106 -3.86152 0.700553 0.333333 0.431464 0.817547 -0.381387
3.35639 3.19428 -1.65246 0.783886 0.25 0.431797 0.816731 -0.382757
4.07037 2.58796 -2.14077 0.783886 0.333333 0.431676 0.817026 -0.382262
1.94045 3.27846 -3.07019 0.700553 0.25 0.431534 0.817374 -0.381677
3.35639 3.19428 -1.65246 0.783886 0.25 0.598651 0.793319 -0.110734
4.68924 2.44713 0.200481 0.86722 0.333333 0.599221 0.792802 -0.111352
4.07037 2.58796 -2.14077 0.783886 0.333333 0.598376 0.793568 -0.110435
3.86841 3.07929 0.277979 0.86722 0.25 0.599689 0.792376 -0.111861
4.68924 2.44713 0.200481 0.86722 0.333333 0.599221 0.792802 -0.111352
3.35639 3.19428 -1.65246 0.783886 0.25 0.598651 0.793319 -0.110734
3.86841 3.07929 0.277979 0.86722 0.25 0.609111 0.764054 0.212613
4.05163 2.3063 2.53095 0.950553 0.333333 0.609925 0.763479 0.212349
4.68924 2.44713 0.200481 0.86722 0.333333 0.608731 0.764323 0.212736
3.34389 2.96431 2.20123 0.950553 0.25 0.610574 0.763018 0.212138
4.05163 2.3063 2.53095 0.950553 0.333333 0.609925 0.763479 0.212349
3.86841 3.07929 0.277979 0.86722 0.25 0.609111 0.764054 0.212613
2.38332 3.45425 1.70557 -0.049447 0.166667 0.282969 0.897187 0.339093
1.92796 2.88013 3.60458 0.033886 0.25 0.283196 0.897105 0.339122
3.34389 2.96431 2.20123 -0.049447 0.25 0.282703 0.897284 0.339058
1.37469 3.39472 2.70672 0.033886 0.166667 0.283747 0.896903 0.339193
1.92796 2.88013 3.60458 0.033886 0.25 0.283196 0.897105 0.339122
2.38332 3.45425 1.70557 -0.049447 0.166667 0.282969 0.897187 0.339093
1.37469 3.39472 2.70672 0.033886 0.166667 0.104317 0.889196 0.445476
0 2.84932 4.11728 0.11722 0.25 0.104386 0.889161 0.445529
1.92796 2.88013 3.60458 0.033886 0.25 0.104237 0.889236 0.445414
0 3.37294 3.07268 0.11722 0.166667 0.104551 0.889077 0.445658
0 2.84932 4.11728 0.11722 0.25 0.104386 0.889161 0.445529
1.37469 3.39472 2.70672 0.033886 0.166667 0.104317 0.889196 0.445476
0 3.37294 3.07268 0.11722 0.166667 -0.104344 0.889143 0.445576
-1.92796 2.88013 3.60458 0.200553 0.25 -0.104376 0.889179 0.445495
0 2.84932 4.11728 0.11722 0.25 -0.104307 0.8891 0.445669
-1.37469 3.39472 2.70672 0.200553 0.166667 -0.104452 0.889268 0.4453
-1.92796 2.88013 3.60458 0.200553 0.25 -0.104376 0.889179 0.445495
0 3.37294 3.07268 0.11722 0.166667 -0.104344 0.889143 0.445576
-1.37469 3.39472 2.70672 0.200553 0.166667 -0.283164 0.897054 0.339281
-3.34389 2.96431 2.20123 0.283886 0.25 -0.283128 0.897149 0.33906
-1.92796 2.88013 3.60458 0.200553 0.25 -0.283208 0.89694 0.339547
-2.38332 3.45425 1.70557 0.283886 0.166667 -0.283038 0.897386 0.338508
-3.34389 2.96431 2.20123 0.283886 0.25 -0.283128 0.897149 0.33906
-1.37469 3.39472 2.70672 0.200553 0.166667 -0.283164 0.897054 0.339281
-2.38332 3.45425 1.70557 0.283886 0.166667 -0.382159 0.910414 0.158436
-3.86841 3.07929 0.277979 0.36722 0.25 -0.381979 0.910527 0.158219
-3.34389 2.96431 2.20123 0.283886 0.25 -0.382385 0.910271 0.158709
-2.75562 3.53555 0.334875 0.36722 0.166667 -0.38151 0.910821 0.157654
-3.86841 3.07929 0.277979 0.36722 0.25 -0.381979 0.910527 0.158219
-2.38332 3.45425 1.70557 0.283886 0.166667 -0.382159 0.910414 0.158436
-2.75562 3.53555 0.334875 0.36722 0.166667 -0.376699 0.925242 -0.04501
-3.35639 3.19428 -1.65246 0.450553 0.25 -0.376458 0.925335 -0.045099
-3.86841 3.07929 0.277979 0.36722 0.25 -0.377016 0.925118 -0.044893
-2.38956 3.61686 -1.03942 0.450553 0.166667 -0.375806 0.925588 -0.045339
-3.35639 3.19428 -1.65246 0.450553 0.25 -0.376458 0.925335 -0.045099
-2.75562 3.53555 0.334875 0.36722 0.166667 -0.376699 0.925242 -0.04501
-2.38956 3.61686 -1.03942 0.450553 0.166667 -0.272258 0.937565 -0.216444
-1.94045 3.27846 -3.07019 0.533886 0.25 -0.272088 0.937621 -0.216416
-3.35639 3.19428 -1.65246 0.450553 0.25 -0.27249 0.937488 -0.216483
-1.38094 3.67638 -2.04775 0.533886 0.166667 -0.271613 0.937776 -0.216337
-1.94045 3.27846 -3.07019 0.533886 0.25 -0.272088 0.937621 -0.216416
-2.38956 3.61686 -1.03942 0.450553 0.166667 -0.272258 0.937565 -0.216444
-1.38094 3.67638 -2.04775 0.533886 0.166667 -0.098901 0.94447 -0.31336
0 3.30927 -3.59008 0.61722 0.25 -0.098855 0.944488 -0.313322
-1.94045 3.27846 -3.07019 0.533886 0.25 -0.098966 0.944446 -0.313412
0 3.69817 -2.41731 0.61722 0.166667 -0.098723 0.944537 -0.313216
0 3.30927 -3.59008 0.61722 0.25 -0.098855 0.944488 -0.313322
-1.38094 3.67638 -2.04775 0.533886 0.166667 -0.098901 0.94447 -0.31336
0 3.69817 -2.41731 0.61722 0.166667 0.098882 0.944497 -0.313287
1.94045 3.27846 -3.07019 0.700553 0.25 0.09886 0.94448 -0.313343
0 3.30927 -3.59008 0.61722 0.25 0.098913 0.944519 -0.31321
1.38094 3.67638 -2.04775 0.700553 0.166667 0.098797 0.944435 -0.3135
1.94045 3.27846 -3.07019 0.700553 0.25 0.09886 0.94448 -0.313343
0 3.69817 -2.41731 0.61722 0.166667 0.098882 0.944497 -0.313287
1.38094 3.67638 -2.04775 0.700553 0.166667 0.272107 0.937644 -0.216289
3.35639 3.19428 -1.65246 0.783886 0.25 0.272131 0.937598 -0.216462
1.94045 3.27846 -3.07019 0.700553 0.25 0.272076 0.937707 -0.216056
2.38956 3.61686 -1.03942 0.783886 0.166667 0.272194 0.937469 -0.216937
3.35639 3.19428 -1.65246 0.783886 0.25 0.272131 0.937598 -0.216462
1.38094 3.67638 -2.04775 0.700553 0.166667 0.272107 0.937644 -0.216289
2.38956 3.61686 -1.03942 0.783886 0.166667 0.376392 0.925371 -0.044921
3.86841 3.07929 0.277979 0.86722 0.25 0.37655 0.925296 -0.045129
3.35639 3.19428 -1.65246 0.783886 0.25 0.376188 0.925467 -0.044653
2.75562 3.53555 0.334875 0.86722 0.166667 0.376968 0.925099 -0.045678
3.86841 3.07929 0.277979 0.86722 0.25 0.37655 0.925296 -0.045129
2.38956 3.61686 -1.03942 0.783886 0.166667 0.376392 0.925371 -0.044921
2.75562 3.53555 0.334875 0.86722 0.166667 0.381822 0.910569 0.158354
3.34389 2.96431 2.20123 0.950553 0.25 0.382087 0.910477 0.158242
3.86841 3.07929 0.277979 0.86722 0.25 0.381496 0.910682 0.158491
2.38332 3.45425 1.70557 0.950553 0.166667 0.382759 0.910244 0.157959
3.34389 2.96431 2.20123 0.950553 0.25 0.382087 0.910477 0.158242
2.75562 3.53555 0.334875 0.86722 0.166667 0.381822 0.910569 0.158354
1.24018 3.78028 1.08429 -0.049447 0.083333 0.157657 0.963599 0.215921
1.37469 3.39472 2.70672 0.033886 0.166667 0.157591 0.963608 0.215929
2.38332 3.45425 1.70557 -0.049447 0.166667 0.157474 0.963624 0.215942
0.715665 3.74947 1.6058 0.033886 0.083333 0.15804 0.963546 0.215877
1.37469 3.39472 2.70672 0.033886 0.166667 0.157591 0.963608 0.215929
1.24018 3.78028 1.08429 -0.049447 0.083333 0.157657 0.963599 0.215921
0.715665 3.74947 1.6058 0.033886 0.083333 0.057962 0.959796 0.274648
0 3.37294 3.07268 0.11722 0.166667 0.057939 0.9598 0.274638
1.37469 3.39472 2.70672 0.033886 0.166667 0.057897 0.959808 0.27462
0 3.73819 1.79656 0.11722 0.083333 0.058099 0.959771 0.274709
0 3.37294 3.07268 0.11722 0.166667 0.057939 0.9598 0.274638
0.715665 3.74947 1.6058 0.033886 0.083333 0.057962 0.959796 0.274648
0 3.73819 1.79656 0.11722 0.083333 -0.057963 0.959794 0.274654
-1.37469 3.39472 2.70672 0.200553 0.166667 -0.057949 0.95979 0.274674
0 3.37294 3.07268 0.11722 0.166667 -0.057922 0.959781 0.274712
-0.715665 3.74947 1.6058 0.200553 0.083333 -0.058051 0.959824 0.274532
-1.37469 3.39472 2.70672 0.200553 0.166667 -0.057949 0.95979 0.274674
0 3.73819 1.79656 0.11722 0.083333 -0.057963 0.959794 0.274654
-0.715665 3.74947 1.6058 0.200553 0.083333 -0.157666 0.963595 0.215932
-2.38332 3.45425 1.70557 0.283886 0.166667 -0.15766 0.963581 0.215997
-1.37469 3.39472 2.70672 0.200553 0.166667 -0.157649 0.963557 0.216115
-1.24018 3.78028 1.08429 0.283886 0.083333 -0.157703 0.963675 0.215546
-2.38332 3.45425 1.70557 0.283886 0.166667 -0.15766 0.963581 0.215997
-0.715665 3.74947 1.6058 0.200553 0.083333 -0.157666 0.963595 0.215932
-1.24018 3.78028 1.08429 0.283886 0.083333 -0.213725 0.970053 0.115409
-2.75562 3.53555 0.334875 0.36722 0.166667 -0.21376 0.970036 0.115486
-2.38332 3.45425 1.70557 0.283886 0.166667 -0.21382 0.970007 0.115618
-1.433 3.82237 0.371053 0.36722 0.083333 -0.213525 0.970148 0.114975
-2.75562 3.53555 0.334875 0.36722 0.166667 -0.21376 0.970036 0.115486
-1.24018 3.78028 1.08429 0.283886 0.083333 -0.213725 0.970053 0.115409
-1.433 3.82237 0.371053 0.36722 0.083333 -0.211799 0.977312 0.001244
-2.38956 3.61686 -1.03942 0.450553 0.166667 -0.211861 0.977299 0.001288
-2.75562 3.53555 0.334875 0.36722 0.166667 -0.211964 0.977277 0.001361
-1.24185 3.86446 -0.343144 0.450553 0.083333 -0.21146 0.977386 0.001003
-2.38956 3.61686 -1.03942 0.450553 0.166667 -0.211861 0.977299 0.001288
-1.433 3.82237 0.371053 0.36722 0.083333 -0.211799 0.977312 0.001244
-1.24185 3.86446 -0.343144 0.450553 0.083333 -0.153817 0.983429 -0.095955
-1.38094 3.67638 -2.04775 0.533886 0.166667 -0.153867 0.983422 -0.09595
-2.38956 3.61686 -1.03942 0.450553 0.166667 -0.153947 0.98341 -0.095942
-0.717339 3.89527 -0.866582 0.533886 0.083333 -0.153553 0.983468 -0.09598
-1.38094 3.67638 -2.04775 0.533886 0.166667 -0.153867 0.983422 -0.09595
-1.24185 3.86446 -0.343144 0.450553 0.083333 -0.153817 0.983429 -0.095955
-0.717339 3.89527 -0.866582 0.533886 0.083333 -0.05604 0.986889 -0.151357
0 3.69817 -2.41731 0.61722 0.166667 -0.056056 0.986887 -0.151364
-1.38094 3.67638 -2.04775 0.533886 0.166667 -0.05608 0.986884 -0.151375
0 3.90655 -1.0583 0.61722 0.083333 -0.055959 0.9869 -0.151321
0 3.69817 -2.41731 0.61722 0.166667 -0.056056 0.986887 -0.151364
-0.717339 3.89527 -0.866582 0.533886 0.083333 -0.05604 0.986889 -0.151357
0 3.90655 -1.0583 0.61722 0.083333 0.05604 0.98689 -0.151355
1.38094 3.67638 -2.04775 0.700553 0.166667 0.05605 0.986891 -0.151342
0 3.69817 -2.41731 0.61722 0.166667 0.056066 0.986894 -0.15132
0.717339 3.89527 -0.866582 0.700553 0.083333 0.055987 0.986882 -0.151427
1.38094 3.67638 -2.04775 0.700553 0.166667 0.05605 0.986891 -0.151342
0 3.90655 -1.0583 0.61722 0.083333 0.05604 0.98689 -0.151355
0.717339 3.89527 -0.866582 0.700553 0.083333 0.153813 0.98343 -0.09595
2.38956 3.61686 -1.03942 0.783886 0.166667 0.153818 0.983434 -0.0959
1.38094 3.67638 -2.04775 0.700553 0.166667 0.153828 0.983441 -0.095821
1.24185 3.86446 -0.343144 0.783886 0.083333 0.153782 0.983409 -0.096214
2.38956 3.61686 -1.03942 0.783886 0.166667 0.153818 0.983434 -0.0959
0.717339 3.89527 -0.866582 0.700553 0.083333 0.153813 0.98343 -0.09595
1.24185 3.86446 -0.343144 0.783886 0.083333 0.211788 0.977315 0.001246
2.75562 3.53555 0.334875 0.86722 0.166667 0.211758 0.977321 0.001316
2.38956 3.61686 -1.03942 0.783886 0.166667 0.211709 0.977332 0.001432
1.433 3.82237 0.371053 0.86722 0.083333 0.211951 0.97728 0.000865
2.75562 3.53555 0.334875 0.86722 0.166667 0.211758 0.977321 0.001316
1.24185 3.86446 -0.343144 0.783886 0.083333 0.211788 0.977315 0.001246
1.433 3.82237 0.371053 0.86722 0.083333 0.21371 0.970057 0.115404
2.38332 3.45425 1.70557 0.950553 0.166667 0.213642 0.970066 0.115455
2.75562 3.53555 0.334875 0.86722 0.166667 0.213526 0.970081 0.115542
1.24018 3.78028 1.08429 0.950553 0.083333 0.214091 0.970006 0.11512
2.38332 3.45425 1.70557 0.950553 0.166667 0.213642 0.970066 0.115455
1.433 3.82237 0.371053 0.86722 0.083333 0.21371 0.970057 0.115404
0 -2.22586 0.040837 -0.00778 1 0.018557 -0.999656 0.018557
1.4755 -2.18266 0.892748 -0.049447 0.916667 0.018557 -0.999656 0.018557
0.85188 -2.18266 1.51637 0.033886 0.916667 0.018557 -0.999656 0.018557
0 -2.22586 0.040837 0.075553 1 0.006792 -0.999656 0.025349
0.85188 -2.18266 1.51637 0.033886 0.916667 0.006792 -0.999656 0.025349
0 -2.18266 1.74463 0.11722 0.916667 0.006792 -0.999656 0.025349
0 -2.22586 0.040837 0.158886 1 -0.006792 -0.999656 0.025349
0 -2.18266 1.74463 0.11722 0.916667 -0.006792 -0.999656 0.025349
-0.85188 -2.18266 1.51637 0.200553 0.916667 -0.006792 -0.999656 0.025349
0 -2.22586 0.040837 0.24222 1 -0.018557 -0.999656 0.018557
-0.85188 -2.18266 1.51637 0.200553 0.916667 -0.018557 -0.999656 0.018557
-1.4755 -2.18266 0.892748 0.283886 0.916667 -0.018557 -0.999656 0.018557
0 -2.22586 0.040837 0.325553 1 -0.025349 -0.999656 0.006792
-1.4755 -2.18266 0.892748 0.283886 0.916667 -0.025349 -0.999656 0.006792
-1.70376 -2.18266 0.040868 0.36722 0.916667 -0.025349 -0.999656 0.006792
0 -2.22586 0.040837 0.408886 1 -0.02535 -0.999656 -0.006792
-1.70376 -2.18266 0.040868 0.36722 0.916667 -0.02535 -0.999656 -0.006792
-1.4755 -2.18266 -0.811011 0.450553 0.916667 -0.02535 -0.999656 -0.006792
0 -2.22586 0.040837 0.49222 1 -0.018557 -0.999656 -0.018557
-1.4755 -2.18266 -0.811011 0.450553 0.916667 -0.018557 -0.999656 -0.018557
-0.85188 -2.18266 -1.43463 0.533886 0.916667 -0.018557 -0.999656 -0.018557
0 -2.22586 0.040837 0.575553 1 -0.006793 -0.999656 -0.02535
-0.85188 -2.18266 -1.43463 0.533886 0.916667 -0.006792 -0.999656 -0.02535
0 -2.18266 -1.66289 0.61722 0.916667 -0.006792 -0.999656 -0.02535
0 -2.22586 0.040837 0.658886 1 0.006793 -0.999656 -0.02535
0 -2.18266 -1.66289 0.61722 0.916667 0.006792 -0.999656 -0.02535
0.85188 -2.18266 -1.43463 0.700553 0.916667 0.006792 -0.999656 -0.02535
0 -2.22586 0.040837 0.74222 1 0.018557 -0.999656 -0.018557
0.85188 -2.18266 -1.43463 0.700553 0.916667 0.018557 -0.999656 -0.018557
1.4755 -2.18266 -0.811011 0.783886 0.916667 0.018557 -0.999656 -0.018557
0 -2.22586 0.040837 0.825553 1 0.02535 -0.999656 -0.006792
1.4755 -2.18266 -0.811011 0.783886 0.916667 0.02535 -0.999656 -0.006792
1.70376 -2.18266 0.040868 0.86722 0.916667 0.02535 -0.999656 -0.006792
0 -2.22586 0.040837 0.908886 1 0.025349 -0.999656 0.006792
1.70376 -2.18266 0.040868 0.86722 0.916667 0.025349 -0.999656 0.006792
1.4755 -2.18266 0.892748 0.950553 0.916667 0.025349 -0.999656 0.006792
0 3.9202 0.383465 -0.00778 0 0.05028 0.992745 0.109221
0.715665 3.74947 1.6058 0.033886 0.083333 0.05028 0.992745 0.109221
1.24018 3.78028 1.08429 -0.049447 0.083333 0.05028 0.992745 0.109221
0 3.9202 0.383465 0.075553 0 0.018418 0.991639 0.127722
0 3.73819 1.79656 0.11722 0.083333 0.018418 0.991639 0.127722
0.715665 3.74947 1.6058 0.033886 0.083333 0.018418 0.991639 0.127722
0 3.9202 0.383465 0.158886 0 -0.018418 0.991639 0.127722
-0.715665 3.74947 1.6058 0.200553 0.083333 -0.018418 0.991639 0.127722
0 3.73819 1.79656 0.11722 0.083333 -0.018418 0.991639 0.127722
0 3.9202 0.383465 0.24222 0 -0.05028 0.992745 0.109221
-1.24018 3.78028 1.08429 0.283886 0.083333 -0.05028 0.992745 0.109221
-0.715665 3.74947 1.6058 0.200553 0.083333 -0.05028 0.992745 0.109221
0 3.9202 0.383465 0.325553 0 -0.068572 0.994652 0.077233
-1.433 3.82237 0.371053 0.36722 0.083333 -0.068572 0.994652 0.077233
-1.24018 3.78028 1.08429 0.283886 0.083333 -0.068572 0.994652 0.077233
0 3.9202 0.383465 0.408886 0 -0.068402 0.996838 0.040437
-1.24185 3.86446 -0.343144 0.450553 0.083333 -0.068402 0.996838 0.040437
-1.433 3.82237 0.371053 0.36722 0.083333 -0.068402 0.996838 0.040437
0 3.9202 0.383465 0.49222 0 -0.049941 0.998714 0.008742
-0.717339 3.89527 -0.866582 0.533886 0.083333 -0.049941 0.998714 0.008742
-1.24185 3.86446 -0.343144 0.450553 0.083333 -0.049941 0.998714 0.008742
0 3.9202 0.383465 0.575553 0 -0.018248 0.999789 -0.009466
0 3.90655 -1.0583 0.61722 0.083333 -0.018248 0.999789 -0.009466
-0.717339 3.89527 -0.866582 0.533886 0.083333 -0.018248 0.999789 -0.009466
0 3.9202 0.383465 0.658886 0 0.018248 0.999789 -0.009466
0.717339 3.89527 -0.866582 0.700553 0.083333 0.018248 0.999789 -0.009466
0 3.90655 -1.0583 0.61722 0.083333 0.018248 0.999789 -0.009466
0 3.9202 0.383465 0.74222 0 0.049941 0.998714 0.008742
1.24185 3.86446 -0.343144 0.783886 0.083333 0.049941 0.998714 0.008742
0.717339 3.89527 -0.866582 0.700553 0.083333 0.049941 0.998714 0.008742
0 3.9202 0.383465 0.825553 0 0.068402 0.996838 0.040437
1.433 3.82237 0.371053 0.86722 0.083333 0.068402 0.996838 0.040437
1.24185 3.86446 -0.343144 0.783886 0.083333 0.068402 0.996838 0.040437
0 3.9202 0.383465 0.908886 0 0.068572 0.994652 0.077233
1.24018 3.78028 1.08429 0.950553 0.083333 0.068572 0.994652 0.077233
1.433 3.82237 0.371053 0.86722 0.083333 0.068572 0.994652 0.077233
0 2.16547 4.85062 0.11722 0.333333 -0.231298 0.412925 0.880905
-2.57352 1.47736 4.49745 0.200553 0.416667 -0.229696 0.404784 0.885093
0 1.45742 5.18476 0.11722 0.416667 -0.231734 0.415152 0.879743
-2.33525 2.20321 4.23012 0.200553 0.333333 -0.62724 0.435573 0.645636
-4.46151 1.53184 2.61737 0.283886 0.416667 -0.629337 0.415382 0.656805
-2.57352 1.47736 4.49745 0.200553 0.416667 -0.626487 0.442078 0.641935
0 1.45742 5.18476 0.11722 0.416667 -0.255205 0.157977 0.953894
-2.66351 0.604994 4.61333 0.200553 0.5 -0.254217 0.154307 0.954758
0 0.604994 5.32702 0.11722 0.5 -0.25552 0.159148 0.953615
-2.57352 1.47736 4.49745 0.200553 0.416667 -0.697085 0.1613 0.698609
-4.61333 0.604994 2.66351 0.283886 0.5 -0.695991 0.152143 0.701747
-2.66351 0.604994 4.61333 0.200553 0.5 -0.697463 0.164593 0.697463
-4.05163 2.3063 2.53095 0.283886 0.333333 -0.84972 0.465863 0.246877
-5.15809 1.60627 0.043614 0.36722 0.416667 -0.85886 0.442821 0.257428
-4.46151 1.53184 2.61737 0.283886 0.416667 -0.845964 0.474813 0.242687
-5.15809 1.60627 0.043614 0.36722 0.416667 -0.952688 0.167468 -0.253652
-4.61333 0.604994 -2.66351 0.450553 0.5 -0.954978 0.158492 -0.250793
-5.32702 0.604994 0 0.36722 0.5 -0.95159 0.17165 -0.254978
-4.46151 1.53184 2.61737 0.283886 0.416667 -0.952412 0.164237 0.256782
-5.32702 0.604994 0 0.36722 0.5 -0.953105 0.153537 0.2608
-4.61333 0.604994 2.66351 0.283886 0.5 -0.95209 0.168652 0.255112
-4.68924 2.44713 0.200481 0.36722 0.333333 -0.842865 0.497157 -0.205944
-4.47256 1.68069 -2.53652 0.450553 0.416667 -0.854597 0.478537 -0.201659
-5.15809 1.60627 0.043614 0.36722 0.416667 -0.837315 0.505655 -0.207885
-4.47256 1.68069 -2.53652 0.450553 0.416667 -0.697568 0.170492 -0.695939
-2.66351 0.604994 -4.61333 0.533886 0.5 -0.699858 0.164833 -0.695003
-4.61333 0.604994 -2.66351 0.450553 0.5 -0.696402 0.173346 -0.696402
-4.07037 2.58796 -2.14077 0.450553 0.333333 -0.613045 0.522415 -0.59267
-2.58457 1.73518 -4.42935 0.533886 0.416667 -0.621321 0.511172 -0.593854
-4.47256 1.68069 -2.53652 0.450553 0.416667 -0.608778 0.528109 -0.592022
-2.58457 1.73518 -4.42935 0.533886 0.416667 -0.255378 0.171712 -0.951471
0 0.604994 -5.32702 0.61722 0.5 -0.256244 0.169815 -0.951578
-2.66351 0.604994 -4.61333 0.533886 0.5 -0.254931 0.172689 -0.951414
-2.35399 2.69106 -3.86152 0.533886 0.333333 -0.223768 0.535142 -0.814587
0 1.75512 -5.12302 0.61722 0.416667 -0.226136 0.531508 -0.81631
-2.58457 1.73518 -4.42935 0.533886 0.416667 -0.222529 0.537035 -0.81368
0 0.604994 -5.32702 0.61722 0.5 0.253412 -0.203347 -0.945745
2.57695 -0.396281 -4.42124 0.700553 0.583333 0.253412 -0.203347 -0.945745
0 -0.396281 -5.11173 0.61722 0.583333 0.253412 -0.203347 -0.945744
2.66351 0.604994 -4.61333 0.700553 0.5 0.693801 -0.193084 -0.693801
4.4634 -0.396281 -2.53478 0.783886 0.583333 0.693801 -0.193084 -0.693801
2.57695 -0.396281 -4.42124 0.700553 0.583333 0.693801 -0.193084 -0.693801
4.61333 0.604994 -2.66351 0.783886 0.5 0.950993 -0.17516 -0.254818
5.15389 -0.396281 0.042163 0.86722 0.583333 0.950993 -0.17516 -0.254818
4.4634 -0.396281 -2.53478 0.783886 0.583333 0.950993 -0.175161 -0.254818
5.32702 0.604994 0 0.86722 0.5 0.954366 -0.154245 0.255722
4.4634 -0.396281 2.61911 0.950553 0.583333 0.954366 -0.154244 0.255722
5.15389 -0.396281 0.042163 0.86722 0.583333 0.954366 -0.154246 0.255722
4.61333 0.604994 2.66351 -0.049447 0.5 0.700541 -0.135961 0.700541
2.57695 -0.396281 4.50557 0.033886 0.583333 0.700541 -0.135961 0.700541
4.4634 -0.396281 2.61911 -0.049447 0.583333 0.700541 -0.135961 0.700541
2.66351 0.604994 4.61333 0.033886 0.5 0.256778 -0.125341 0.958308
0 -0.396281 5.19606 0.11722 0.583333 0.256778 -0.125341 0.958308
2.57695 -0.396281 4.50557 0.033886 0.583333 0.256778 -0.125341 0.958308
0 3.48794 2.67533 0.125 0.5 0.303816 -0.66557 0.681699
-0 3.4336 2.62228 0.125 0.625 0.303816 -0.66557 0.681699
1.59485 3.48723 1.96386 0 0.625 0.303816 -0.66557 0.681699
-1.62912 3.54272 2.00276 0.25 0.5 -0.303816 -0.665569 0.681699
-1.59485 3.48723 1.96386 0.25 0.625 -0.303816 -0.665569 0.681699
-0 3.4336 2.62228 0.125 0.625 -0.303816 -0.665569 0.681699
-2.30392 3.67496 0.379016 0.375 0.5 -0.733477 -0.630691 0.253457
-2.25545 3.61669 0.374271 0.375 0.625 -0.733477 -0.630691 0.253457
-1.59485 3.48723 1.96386 0.25 0.625 -0.733477 -0.630691 0.253457
-1.62912 3.8072 -1.24472 0.5 0.5 -0.733476 -0.581369 -0.352169
-1.59485 3.74615 -1.21531 0.5 0.625 -0.733476 -0.581369 -0.352169
-2.25545 3.61669 0.374271 0.375 0.625 -0.733476 -0.581369 -0.352169
0 3.86197 -1.9173 0.625 0.5 -0.303815 -0.54649 -0.780413
-0 3.79977 -1.87374 0.625 0.625 -0.303815 -0.54649 -0.780413
-1.59485 3.74615 -1.21531 0.5 0.625 -0.303815 -0.54649 -0.780413
1.62912 3.8072 -1.24472 0.75 0.5 0.303815 -0.546489 -0.780414
1.59485 3.74615 -1.21531 0.75 0.625 0.303815 -0.546489 -0.780414
-0 3.79977 -1.87374 0.625 0.625 0.303815 -0.546489 -0.780414
2.30392 3.67496 0.379016 0.875 0.5 0.733477 -0.581368 -0.352169
2.25545 3.61669 0.374271 0.875 0.625 0.733477 -0.581368 -0.352169
1.59485 3.74615 -1.21531 0.75 0.625 0.733477 -0.581368 -0.352169
1.62912 3.54272 2.00276 1 0.5 0.733477 -0.630691 0.253456
1.59485 3.48723 1.96386 1 0.625 0.733477 -0.630691 0.253456
2.25545 3.61669 0.374271 0.875 0.625 0.733477 -0.630691 0.253456
0 3.58975 2.50767 0.125 0.375 0.182419 0.840425 0.510303
0 3.48794 2.67533 0.125 0.5 0.182419 0.840425 0.510303
1.62912 3.54272 2.00276 0 0.5 0.182419 0.840425 0.510303
-1.50511 3.64035 1.88629 0.25 0.375 -0.182419 0.840425 0.510303
-1.62912 3.54272 2.00276 0.25 0.5 -0.182419 0.840425 0.510303
0 3.48794 2.67533 0.125 0.5 -0.182419 0.840425 0.510303
-2.12854 3.76253 0.386148 0.375 0.375 -0.440399 0.861366 0.253174
-2.30392 3.67496 0.379016 0.375 0.5 -0.440399 0.861366 0.253174
-1.62912 3.54272 2.00276 0.25 0.5 -0.440399 0.861366 0.253174
-1.50511 3.8847 -1.11399 0.5 0.375 -0.440399 0.890981 -0.110459
-1.62912 3.8072 -1.24472 0.5 0.5 -0.440399 0.890981 -0.110459
-2.30392 3.67496 0.379016 0.375 0.5 -0.440399 0.890981 -0.110459
0 3.93531 -1.73537 0.625 0.375 -0.182419 0.911922 -0.367588
0 3.86197 -1.9173 0.625 0.5 -0.182419 0.911922 -0.367588
-1.62912 3.8072 -1.24472 0.5 0.5 -0.182419 0.911922 -0.367588
1.50511 3.8847 -1.11399 0.75 0.375 0.182419 0.911922 -0.367589
1.62912 3.8072 -1.24472 0.75 0.5 0.182419 0.911922 -0.367589
0 3.86197 -1.9173 0.625 0.5 0.182419 0.911922 -0.367589
2.12854 3.76253 0.386148 0.875 0.375 0.4404 0.890981 -0.11046
2.30392 3.67496 0.379016 0.875 0.5 0.440399 0.890981 -0.11046
1.62912 3.8072 -1.24472 0.75 0.5 0.440399 0.890981 -0.11046
1.50511 3.64035 1.88629 1 0.375 0.440399 0.861366 0.253175
1.62912 3.54272 2.00276 1 0.5 0.440399 0.861366 0.253175
2.30392 3.67496 0.379016 0.875 0.5 0.440399 0.861366 0.253175
0 3.77174 2.02141 0.125 0.25 0.112508 0.930605 0.348306
0 3.58975 2.50767 0.125 0.375 0.112507 0.930605 0.348306
1.50511 3.64035 1.88629 0 0.375 0.112507 0.930605 0.348306
-1.15196 3.81048 1.54583 0.25 0.25 -0.112507 0.930605 0.348306
-1.50511 3.64035 1.88629 0.25 0.375 -0.112507 0.930605 0.348306
0 3.58975 2.50767 0.125 0.375 -0.112507 0.930605 0.348306
-1.62912 3.90398 0.397669 0.375 0.25 -0.271617 0.94352 0.189722
-2.12854 3.76253 0.386148 0.375 0.375 -0.271617 0.94352 0.189722
-1.50511 3.64035 1.88629 0.25 0.375 -0.271617 0.94352 0.189722
-1.15196 3.99749 -0.750488 0.5 0.25 -0.271617 0.961785 -0.034551
-1.50511 3.8847 -1.11399 0.5 0.375 -0.271617 0.961785 -0.034551
-2.12854 3.76253 0.386148 0.375 0.375 -0.271617 0.961785 -0.034551
0 4.03622 -1.22607 0.625 0.25 -0.112507 0.9747 -0.193135
0 3.93531 -1.73537 0.625 0.375 -0.112507 0.9747 -0.193135
-1.50511 3.8847 -1.11399 0.5 0.375 -0.112507 0.9747 -0.193136
1.15196 3.99749 -0.750488 0.75 0.25 0.112507 0.9747 -0.193135
1.50511 3.8847 -1.11399 0.75 0.375 0.112507 0.9747 -0.193135
0 3.93531 -1.73537 0.625 0.375 0.112507 0.9747 -0.193135
1.62912 3.90398 0.397669 0.875 0.25 0.271617 0.961785 -0.034551
2.12854 3.76253 0.386148 0.875 0.375 0.271617 0.961785 -0.034551
1.50511 3.8847 -1.11399 0.75 0.375 0.271617 0.961785 -0.034551
1.15196 3.81048 1.54583 1 0.25 0.271617 0.94352 0.189722
1.50511 3.64035 1.88629 1 0.375 0.271617 0.94352 0.189722
2.12854 3.76253 0.386148 0.875 0.375 0.271617 0.94352 0.189722
0 3.93157 1.28451 0.125 0.125 0.054569 0.975821 0.211651
0 3.77174 2.02141 0.125 0.25 0.054569 0.975821 0.211651
1.15196 3.81048 1.54583 0 0.25 0.054569 0.975821 0.211651
-0.623436 3.95253 1.02712 0.25 0.125 -0.054569 0.975821 0.211651
-1.15196 3.81048 1.54583 0.25 0.25 -0.054569 0.975821 0.211651
0 3.77174 2.02141 0.125 0.25 -0.054569 0.975821 0.211651
-0.881671 4.00314 0.405744 0.375 0.125 -0.131742 0.982085 0.134733
-1.62912 3.90398 0.397669 0.375 0.25 -0.131742 0.982085 0.134733
-1.15196 3.81048 1.54583 0.25 0.25 -0.131742 0.982085 0.134733
-0.623436 4.05375 -0.215634 0.5 0.125 -0.131742 0.990944 0.025954
-1.15196 3.99749 -0.750488 0.5 0.25 -0.131742 0.990944 0.025954
-1.62912 3.90398 0.397669 0.375 0.25 -0.131742 0.990944 0.025954
0 4.07471 -0.473017 0.625 0.125 -0.054569 0.997209 -0.050964
0 4.03622 -1.22607 0.625 0.25 -0.054569 0.997209 -0.050964
-1.15196 3.99749 -0.750488 0.5 0.25 -0.054569 0.997209 -0.050964
0.623436 4.05375 -0.215634 0.75 0.125 0.054569 0.997209 -0.050964
1.15196 3.99749 -0.750488 0.75 0.25 0.054569 0.997209 -0.050964
0 4.03622 -1.22607 0.625 0.25 0.054569 0.997209 -0.050964
0.881671 4.00314 0.405744 0.875 0.125 0.131742 0.990944 0.025954
1.62912 3.90398 0.397669 0.875 0.25 0.131742 0.990944 0.025954
1.15196 3.99749 -0.750488 0.75 0.25 0.131742 0.990944 0.025954
0.623436 3.95253 1.02712 1 0.125 0.131742 0.982085 0.134733
1.15196 3.81048 1.54583 1 0.25 0.131742 0.982085 0.134733
1.62912 3.90398 0.397669 0.875 0.25 0.131742 0.982085 0.134733
0 4.03796 0.40858 0.0625 0 0.016398 0.992571 0.120556
0 3.93157 1.28451 0.125 0.125 0.016398 0.992571 0.120556
0.623436 3.95253 1.02712 0 0.125 0.016398 0.992571 0.120556
0 4.03796 0.40858 0.1875 0 -0.016398 0.992571 0.120556
-0.623436 3.95253 1.02712 0.25 0.125 -0.016398 0.992571 0.120556
0 3.93157 1.28451 0.125 0.125 -0.016398 0.992571 0.120556
0 4.03796 0.40858 0.3125 0 -0.039588 0.994454 0.097441
-0.881671 4.00314 0.405744 0.375 0.125 -0.039588 0.994454 0.097441
-0.623436 3.95253 1.02712 0.25 0.125 -0.039588 0.994454 0.097441
0 4.03796 0.40858 0.4375 0 -0.039588 0.997116 0.064755
-0.623436 4.05375 -0.215634 0.5 0.125 -0.039588 0.997116 0.064755
-0.881671 4.00314 0.405744 0.375 0.125 -0.039588 0.997116 0.064755
0 4.03796 0.40858 0.5625 0 -0.016398 0.998998 0.041642
0 4.07471 -0.473017 0.625 0.125 -0.016398 0.998998 0.041642
-0.623436 4.05375 -0.215634 0.5 0.125 -0.016398 0.998998 0.041642
0 4.03796 0.40858 0.6875 0 0.016398 0.998998 0.041642
0.623436 4.05375 -0.215634 0.75 0.125 0.016398 0.998998 0.041642
0 4.07471 -0.473017 0.625 0.125 0.016398 0.998998 0.041642
0 4.03796 0.40858 0.8125 0 0.039588 0.997116 0.064756
0.881671 4.00314 0.405744 0.875 0.125 0.039588 0.997116 0.064756
0.623436 4.05375 -0.215634 0.75 0.125 0.039588 0.997116 0.064756
0 4.03796 0.40858 0.9375 0 0.039588 0.994454 0.097441
0.623436 3.95253 1.02712 1 0.125 0.039588 0.994454 0.097441
0.881671 4.00314 0.405744 0.875 0.125 0.039588 0.994454 0.097441
