Vertex Count:912

Data:

2.57312 -3.75587 1.427 -0.049447 0.833333 0.075291 -0.993977 0.079636
0.771068 -3.90681 1.24684 0.033886 0.916667 0.075267 -0.99396 0.079864
1.34866 -3.91792 0.576684 -0.049447 0.916667 0.075122 -0.99386 0.081236
1.45729 -3.73721 2.72262 0.033886 0.833333 0.075337 -0.994008 0.079201
0.771068 -3.90681 1.24684 0.033886 0.916667 0.075267 -0.99396 0.079864
2.57312 -3.75587 1.427 -0.049447 0.833333 0.075291 -0.993977 0.079636
1.45729 -3.73721 2.72262 0.033886 0.833333 0.027885 -0.99452 0.100761
0 -3.90274 1.49213 0.11722 0.916667 0.027694 -0.994502 0.100985
0.771068 -3.90681 1.24684 0.033886 0.916667 0.027099 -0.994448 0.101683
0 -3.73038 3.19685 0.11722 0.833333 0.028061 -0.994536 0.100555
0 -3.90274 1.49213 0.11722 0.916667 0.027694 -0.994502 0.100985
1.45729 -3.73721 2.72262 0.033886 0.833333 0.027885 -0.99452 0.100761
0 -3.73038 3.19685 0.11722 0.833333 -0.027975 -0.994489 0.10104
-0.771068 -3.90681 1.24684 0.200553 0.916667 -0.027696 -0.994508 0.100931
0 -3.90274 1.49213 0.11722 0.916667 -0.02674 -0.994572 0.100559
-1.45729 -3.73721 2.72262 0.200553 0.833333 -0.028254 -0.99447 0.101148
-0.771068 -3.90681 1.24684 0.200553 0.916667 -0.027696 -0.994508 0.100931
0 -3.73038 3.19685 0.11722 0.833333 -0.027975 -0.994489 0.10104
-1.45729 -3.73721 2.72262 0.200553 0.833333 -0.075591 -0.993935 0.079876
-1.34866 -3.91792 0.576684 0.283886 0.916667 -0.075356 -0.993951 0.07989
-0.771068 -3.90681 1.24684 0.200553 0.916667 -0.073667 -0.99407 0.079985
-2.57312 -3.75587 1.427 0.283886 0.833333 -0.07609 -0.993899 0.079848
-1.34866 -3.91792 0.576684 0.283886 0.916667 -0.075356 -0.993951 0.07989
-1.45729 -3.73721 2.72262 0.200553 0.833333 -0.075591 -0.993935 0.079876
-2.57312 -3.75587 1.427 0.283886 0.833333 -0.102589 -0.993839 0.041945
-1.57802 -3.93311 -0.338767 0.36722 0.916667 -0.102573 -0.99384 0.041954
-1.34866 -3.91792 0.576684 0.283886 0.916667 -0.102288 -0.993863 0.042117
-3.0485 -3.78136 -0.342856 0.36722 0.833333 -0.102677 -0.993832 0.041895
-1.57802 -3.93311 -0.338767 0.36722 0.916667 -0.102573 -0.99384 0.041954
-2.57312 -3.75587 1.427 0.283886 0.833333 -0.102589 -0.993839 0.041945
-3.0485 -3.78136 -0.342856 0.36722 0.833333 -0.10277 -0.99469 -0.005435
-1.38454 -3.9483 -1.25422 0.450553 0.916667 -0.102759 -0.994692 -0.005414
-1.57802 -3.93311 -0.338767 0.36722 0.916667 -0.102636 -0.994705 -0.005188
-2.70703 -3.80686 -2.11271 0.450553 0.833333 -0.102809 -0.994686 -0.005507
-1.38454 -3.9483 -1.25422 0.450553 0.916667 -0.102759 -0.994692 -0.005414
-3.0485 -3.78136 -0.342856 0.36722 0.833333 -0.10277 -0.99469 -0.005435
-2.70703 -3.80686 -2.11271 0.450553 0.833333 -0.075027 -0.995936 -0.049835
-0.80695 -3.95942 -1.92437 0.533886 0.916667 -0.075053 -0.995946 -0.049577
-1.38454 -3.9483 -1.25422 0.450553 0.916667 -0.075186 -0.996 -0.048276
-1.59121 -3.82552 -3.40833 0.533886 0.833333 -0.074986 -0.995919 -0.050234
-0.80695 -3.95942 -1.92437 0.533886 0.916667 -0.075053 -0.995946 -0.049577
-2.70703 -3.80686 -2.11271 0.450553 0.833333 -0.075027 -0.995936 -0.049835
-1.59121 -3.82552 -3.40833 0.533886 0.833333 -0.027181 -0.996729 -0.076104
0 -3.96349 -2.16967 0.61722 0.916667 -0.027324 -0.996739 -0.075921
-0.80695 -3.95942 -1.92437 0.533886 0.916667 -0.027887 -0.996778 -0.075202
0 -3.83235 -3.88256 0.61722 0.833333 -0.027021 -0.996718 -0.076308
0 -3.96349 -2.16967 0.61722 0.916667 -0.027324 -0.996739 -0.075921
-1.59121 -3.82552 -3.40833 0.533886 0.833333 -0.027181 -0.996729 -0.076104
0 -3.83235 -3.88256 0.61722 0.833333 0.027102 -0.996751 -0.075849
0.80695 -3.95942 -1.92437 0.700553 0.916667 0.027318 -0.996738 -0.075937
0 -3.96349 -2.16967 0.61722 0.916667 0.028222 -0.996685 -0.076306
1.59121 -3.82552 -3.40833 0.700553 0.833333 0.026854 -0.996765 -0.075747
0.80695 -3.95942 -1.92437 0.700553 0.916667 0.027318 -0.996738 -0.075937
0 -3.83235 -3.88256 0.61722 0.833333 0.027102 -0.996751 -0.075849
1.59121 -3.82552 -3.40833 0.700553 0.833333 0.074742 -0.995969 -0.049598
1.38454 -3.9483 -1.25422 0.783886 0.916667 0.075004 -0.99595 -0.049572
0.80695 -3.95942 -1.92437 0.700553 0.916667 0.076511 -0.995843 -0.049421
2.70703 -3.80686 -2.11271 0.783886 0.833333 0.0743 -0.996 -0.049642
1.38454 -3.9483 -1.25422 0.783886 0.916667 0.075004 -0.99595 -0.049572
1.59121 -3.82552 -3.40833 0.700553 0.833333 0.074742 -0.995969 -0.049598
2.70703 -3.80686 -2.11271 0.783886 0.833333 0.102712 -0.994696 -0.005424
1.57802 -3.93311 -0.338767 0.86722 0.916667 0.102733 -0.994694 -0.005411
1.38454 -3.9483 -1.25422 0.783886 0.916667 0.102969 -0.994671 -0.005258
3.0485 -3.78136 -0.342856 0.86722 0.833333 0.102635 -0.994704 -0.005474
1.57802 -3.93311 -0.338767 0.86722 0.916667 0.102733 -0.994694 -0.005411
2.70703 -3.80686 -2.11271 0.783886 0.833333 0.102712 -0.994696 -0.005424
3.0485 -3.78136 -0.342856 0.86722 0.833333 0.102526 -0.993846 0.041931
1.34866 -3.91792 0.576684 0.950553 0.916667 0.102534 -0.993845 0.041947
1.57802 -3.93311 -0.338767 0.86722 0.916667 0.102676 -0.993819 0.042214
2.57312 -3.75587 1.427 0.950553 0.833333 0.102478 -0.993855 0.041841
1.34866 -3.91792 0.576684 0.950553 0.916667 0.102534 -0.993845 0.041947
3.0485 -3.78136 -0.342856 0.86722 0.833333 0.102526 -0.993846 0.041931
3.12571 -3.38161 1.8134 -0.049447 0.75 0.362337 -0.874307 0.322952
1.45729 -3.73721 2.72262 0.033886 0.833333 0.360502 -0.876633 0.318674
2.57312 -3.75587 1.427 -0.049447 0.833333 0.363474 -0.872849 0.325608
1.76239 -3.36744 3.3994 0.033886 0.75 0.359858 -0.87744 0.317177
1.45729 -3.73721 2.72262 0.033886 0.833333 0.360502 -0.876633 0.318674
3.12571 -3.38161 1.8134 -0.049447 0.75 0.362337 -0.874307 0.322952
1.76239 -3.36744 3.3994 0.033886 0.75 0.135399 -0.894856 0.425323
0 -3.73038 3.19685 0.11722 0.833333 0.135917 -0.895968 0.42281
1.45729 -3.73721 2.72262 0.033886 0.833333 0.134941 -0.893867 0.427543
0 -3.36225 3.97991 0.11722 0.75 0.136191 -0.896554 0.421477
0 -3.73038 3.19685 0.11722 0.833333 0.135917 -0.895968 0.42281
1.76239 -3.36744 3.3994 0.033886 0.75 0.135399 -0.894856 0.425323
0 -3.36225 3.97991 0.11722 0.75 -0.13484 -0.89583 0.423446
-1.45729 -3.73721 2.72262 0.200553 0.833333 -0.136708 -0.894683 0.42527
0 -3.73038 3.19685 0.11722 0.833333 -0.133011 -0.896946 0.421659
-1.76239 -3.36744 3.3994 0.200553 0.75 -0.137799 -0.894009 0.426333
-1.45729 -3.73721 2.72262 0.200553 0.833333 -0.136708 -0.894683 0.42527
0 -3.36225 3.97991 0.11722 0.75 -0.13484 -0.89583 0.423446
-1.76239 -3.36744 3.3994 0.200553 0.75 -0.359541 -0.876406 0.320379
-2.57312 -3.75587 1.427 0.283886 0.833333 -0.364081 -0.874018 0.321774
-1.45729 -3.73721 2.72262 0.200553 0.833333 -0.356068 -0.878213 0.319307
-3.12571 -3.38161 1.8134 0.283886 0.75 -0.365901 -0.873051 0.322333
-2.57312 -3.75587 1.427 0.283886 0.833333 -0.364081 -0.874018 0.321774
-1.76239 -3.36744 3.3994 0.200553 0.75 -0.359541 -0.876406 0.320379
-3.12571 -3.38161 1.8134 0.283886 0.75 -0.485446 -0.86257 0.142529
-3.0485 -3.78136 -0.342856 0.36722 0.833333 -0.4866 -0.861946 0.142372
-2.57312 -3.75587 1.427 0.283886 0.833333 -0.484727 -0.862958 0.142627
-3.72468 -3.40097 -0.353105 0.36722 0.75 -0.486947 -0.861758 0.142325
-3.0485 -3.78136 -0.342856 0.36722 0.833333 -0.4866 -0.861946 0.142372
-3.12571 -3.38161 1.8134 0.283886 0.75 -0.485446 -0.86257 0.142529
-3.72468 -3.40097 -0.353105 0.36722 0.75 -0.48802 -0.868992 -0.081791
-2.70703 -3.80686 -2.11271 0.450553 0.833333 -0.488493 -0.868694 -0.082133
-3.0485 -3.78136 -0.342856 0.36722 0.833333 -0.487726 -0.869177 -0.081579
-3.32562 -3.42034 -2.51961 0.450553 0.75 -0.488644 -0.868599 -0.082243
-2.70703 -3.80686 -2.11271 0.450553 0.833333 -0.488493 -0.868694 -0.082133
-3.72468 -3.40097 -0.353105 0.36722 0.75 -0.48802 -0.868992 -0.081791
-3.32562 -3.42034 -2.51961 0.450553 0.75 -0.359387 -0.884252 -0.298228
-1.59121 -3.82552 -3.40833 0.533886 0.833333 -0.360581 -0.88274 -0.301249
-2.70703 -3.80686 -2.11271 0.450553 0.833333 -0.358504 -0.885358 -0.296001
-1.96229 -3.43451 -4.10561 0.533886 0.75 -0.361074 -0.882112 -0.302497
-1.59121 -3.82552 -3.40833 0.533886 0.833333 -0.360581 -0.88274 -0.301249
-3.32562 -3.42034 -2.51961 0.450553 0.75 -0.359387 -0.884252 -0.298228
-1.96229 -3.43451 -4.10561 0.533886 0.75 -0.131745 -0.892113 -0.432178
0 -3.83235 -3.88256 0.61722 0.833333 -0.13132 -0.891174 -0.434239
-1.59121 -3.82552 -3.40833 0.533886 0.833333 -0.132109 -0.892914 -0.430408
0 -3.4397 -4.68612 0.61722 0.75 -0.131114 -0.890717 -0.435239
0 -3.83235 -3.88256 0.61722 0.833333 -0.13132 -0.891174 -0.434239
-1.96229 -3.43451 -4.10561 0.533886 0.75 -0.131745 -0.892113 -0.432178
0 -3.4397 -4.68612 0.61722 0.75 0.13218 -0.891298 -0.433723
1.59121 -3.82552 -3.40833 0.700553 0.833333 0.130723 -0.892254 -0.432197
0 -3.83235 -3.88256 0.61722 0.833333 0.133496 -0.890431 -0.4351
1.96229 -3.43451 -4.10561 0.700553 0.75 0.129993 -0.892731 -0.431432
1.59121 -3.82552 -3.40833 0.700553 0.833333 0.130723 -0.892254 -0.432197
0 -3.4397 -4.68612 0.61722 0.75 0.13218 -0.891298 -0.433723
1.96229 -3.43451 -4.10561 0.700553 0.75 0.361282 -0.88289 -0.299967
2.70703 -3.80686 -2.11271 0.783886 0.833333 0.358116 -0.884479 -0.29908
1.59121 -3.82552 -3.40833 0.700553 0.833333 0.36389 -0.881571 -0.300695
3.32562 -3.42034 -2.51961 0.783886 0.75 0.356655 -0.885208 -0.29867
2.70703 -3.80686 -2.11271 0.783886 0.833333 0.358116 -0.884479 -0.29908
1.96229 -3.43451 -4.10561 0.700553 0.75 0.361282 -0.88289 -0.299967
3.32562 -3.42034 -2.51961 0.783886 0.75 0.488493 -0.868717 -0.081893
3.0485 -3.78136 -0.342856 0.86722 0.833333 0.487915 -0.86903 -0.082018
2.70703 -3.80686 -2.11271 0.783886 0.833333 0.488873 -0.86851 -0.08181
3.72468 -3.40097 -0.353105 0.86722 0.75 0.487701 -0.869145 -0.082064
3.0485 -3.78136 -0.342856 0.86722 0.833333 0.487915 -0.86903 -0.082018
3.32562 -3.42034 -2.51961 0.783886 0.75 0.488493 -0.868717 -0.081893
3.72468 -3.40097 -0.353105 0.86722 0.75 0.486383 -0.862 0.142788
2.57312 -3.75587 1.427 0.950553 0.833333 0.485467 -0.862635 0.142069
3.0485 -3.78136 -0.342856 0.86722 0.833333 0.486895 -0.861644 0.14319
3.12571 -3.38161 1.8134 0.950553 0.75 0.485186 -0.862829 0.141848
2.57312 -3.75587 1.427 0.950553 0.833333 0.485467 -0.862635 0.142069
3.72468 -3.40097 -0.353105 0.86722 0.75 0.486383 -0.862 0.142788
3.57193 -2.67149 2.12378 -0.049447 0.666667 0.599953 -0.609019 0.5188
1.76239 -3.36744 3.3994 0.033886 0.75 0.598384 -0.615333 0.513129
3.12571 -3.38161 1.8134 -0.049447 0.75 0.600781 -0.60559 0.521845
2.00656 -2.67431 3.95145 0.033886 0.666667 0.597801 -0.617625 0.511051
1.76239 -3.36744 3.3994 0.033886 0.75 0.598384 -0.615333 0.513129
3.57193 -2.67149 2.12378 -0.049447 0.666667 0.599953 -0.609019 0.5188
2.00656 -2.67431 3.95145 0.033886 0.666667 0.235522 -0.657344 0.715841
0 -3.36225 3.97991 0.11722 0.75 0.236651 -0.660782 0.712294
1.76239 -3.36744 3.3994 0.033886 0.75 0.234704 -0.654851 0.718391
0 -2.67535 4.62042 0.11722 0.666667 0.237217 -0.662509 0.7105
0 -3.36225 3.97991 0.11722 0.75 0.236651 -0.660782 0.712294
2.00656 -2.67431 3.95145 0.033886 0.666667 0.235522 -0.657344 0.715841
0 -2.67535 4.62042 0.11722 0.666667 -0.234704 -0.660536 0.713166
-1.76239 -3.36744 3.3994 0.200553 0.75 -0.237667 -0.657006 0.715442
0 -3.36225 3.97991 0.11722 0.75 -0.232363 -0.663309 0.711358
-2.00656 -2.67431 3.95145 0.200553 0.666667 -0.239269 -0.655086 0.716667
-1.76239 -3.36744 3.3994 0.200553 0.75 -0.237667 -0.657006 0.715442
0 -2.67535 4.62042 0.11722 0.666667 -0.234704 -0.660536 0.713166
-2.00656 -2.67431 3.95145 0.200553 0.666667 -0.596554 -0.614958 0.515703
-3.12571 -3.38161 1.8134 0.283886 0.75 -0.602381 -0.608482 0.516611
-1.76239 -3.36744 3.3994 0.200553 0.75 -0.592794 -0.619086 0.5151
-3.57193 -2.67149 2.12378 0.283886 0.666667 -0.604677 -0.605903 0.516959
-3.12571 -3.38161 1.8134 0.283886 0.75 -0.602381 -0.608482 0.516611
-2.00656 -2.67431 3.95145 0.200553 0.666667 -0.596554 -0.614958 0.515703
-3.57193 -2.67149 2.12378 0.283886 0.666667 -0.780287 -0.585266 0.220491
-3.72468 -3.40097 -0.353105 0.36722 0.75 -0.781769 -0.583452 0.220048
-3.12571 -3.38161 1.8134 0.283886 0.75 -0.779468 -0.586265 0.220735
-4.27667 -2.66762 -0.372866 0.36722 0.666667 -0.782244 -0.582869 0.219906
-3.72468 -3.40097 -0.353105 0.36722 0.75 -0.781769 -0.583452 0.220048
-3.57193 -2.67149 2.12378 0.283886 0.666667 -0.780287 -0.585266 0.220491
-4.27667 -2.66762 -0.372866 0.36722 0.666667 -0.789408 -0.597653 -0.140168
-3.32562 -3.42034 -2.51961 0.450553 0.75 -0.78964 -0.597292 -0.140398
-3.72468 -3.40097 -0.353105 0.36722 0.75 -0.789274 -0.597859 -0.140037
-3.83548 -2.66376 -2.86951 0.450553 0.666667 -0.789721 -0.597166 -0.140478
-3.32562 -3.42034 -2.51961 0.450553 0.75 -0.78964 -0.597292 -0.140398
-4.27667 -2.66762 -0.372866 0.36722 0.666667 -0.789408 -0.597653 -0.140168
-3.83548 -2.66376 -2.86951 0.450553 0.666667 -0.591645 -0.628869 -0.50446
-1.96229 -3.43451 -4.10561 0.533886 0.75 -0.592314 -0.625957 -0.507289
-3.32562 -3.42034 -2.51961 0.450553 0.75 -0.59119 -0.630823 -0.502551
-2.27011 -2.66094 -4.69718 0.533886 0.666667 -0.592603 -0.624683 -0.508521
-1.96229 -3.43451 -4.10561 0.533886 0.75 -0.592314 -0.625957 -0.507289
-3.83548 -2.66376 -2.86951 0.450553 0.666667 -0.591645 -0.628869 -0.50446
-2.27011 -2.66094 -4.69718 0.533886 0.666667 -0.217569 -0.644624 -0.732887
0 -3.4397 -4.68612 0.61722 0.75 -0.216881 -0.642645 -0.734827
-1.96229 -3.43451 -4.10561 0.533886 0.75 -0.218087 -0.646114 -0.73142
0 -2.6599 -5.36615 0.61722 0.666667 -0.216537 -0.641656 -0.735792
0 -3.4397 -4.68612 0.61722 0.75 -0.216881 -0.642645 -0.734827
-2.27011 -2.66094 -4.69718 0.533886 0.666667 -0.217569 -0.644624 -0.732887
0 -2.6599 -5.36615 0.61722 0.666667 0.217985 -0.642816 -0.73435
1.96229 -3.43451 -4.10561 0.700553 0.75 0.216371 -0.64482 -0.73307
0 -3.4397 -4.68612 0.61722 0.75 0.219234 -0.64126 -0.735338
2.27011 -2.66094 -4.69718 0.700553 0.666667 0.215537 -0.645853 -0.732405
1.96229 -3.43451 -4.10561 0.700553 0.75 0.216371 -0.64482 -0.73307
0 -2.6599 -5.36615 0.61722 0.666667 0.217985 -0.642816 -0.73435
2.27011 -2.66094 -4.69718 0.700553 0.666667 0.593273 -0.626147 -0.505932
3.32562 -3.42034 -2.51961 0.783886 0.75 0.590378 -0.62916 -0.50558
1.96229 -3.43451 -4.10561 0.700553 0.75 0.595339 -0.623982 -0.506179
3.83548 -2.66376 -2.86951 0.783886 0.666667 0.588953 -0.630635 -0.505404
3.32562 -3.42034 -2.51961 0.783886 0.75 0.590378 -0.62916 -0.50558
2.27011 -2.66094 -4.69718 0.700553 0.666667 0.593273 -0.626147 -0.505932
3.83548 -2.66376 -2.86951 0.783886 0.666667 0.789657 -0.597311 -0.140219
3.72468 -3.40097 -0.353105 0.86722 0.75 0.789353 -0.597683 -0.140342
3.32562 -3.42034 -2.51961 0.783886 0.75 0.789836 -0.597091 -0.140147
4.27667 -2.66762 -0.372866 0.86722 0.666667 0.78923 -0.597834 -0.140392
3.72468 -3.40097 -0.353105 0.86722 0.75 0.789353 -0.597683 -0.140342
3.83548 -2.66376 -2.86951 0.783886 0.666667 0.789657 -0.597311 -0.140219
4.27667 -2.66762 -0.372866 0.86722 0.666667 0.781469 -0.583561 0.220824
3.12571 -3.38161 1.8134 0.950553 0.75 0.780424 -0.585389 0.219677
3.72468 -3.40097 -0.353105 0.86722 0.75 0.781993 -0.58264 0.221401
3.57193 -2.67149 2.12378 0.950553 0.666667 0.780068 -0.586009 0.219287
3.12571 -3.38161 1.8134 0.950553 0.75 0.780424 -0.585389 0.219677
4.27667 -2.66762 -0.372866 0.86722 0.666667 0.781469 -0.583561 0.220824
3.85281 -1.83091 2.31639 -0.049447 0.583333 0.704611 -0.377039 0.601136
2.00656 -2.67431 3.95145 0.033886 0.666667 0.704195 -0.385006 0.596556
3.57193 -2.67149 2.12378 -0.049447 0.666667 0.704768 -0.373682 0.603045
2.15923 -1.85861 4.30231 0.033886 0.583333 0.704041 -0.3877 0.594992
2.00656 -2.67431 3.95145 0.033886 0.666667 0.704195 -0.385006 0.596556
3.85281 -1.83091 2.31639 -0.049447 0.583333 0.704611 -0.377039 0.601136
2.15923 -1.85861 4.30231 0.033886 0.583333 0.287479 -0.425877 0.857895
0 -2.67535 4.62042 0.11722 0.666667 0.288866 -0.430656 0.855039
2.00656 -2.67431 3.95145 0.033886 0.666667 0.286738 -0.423329 0.859403
0 -1.86875 5.02921 0.11722 0.583333 0.289461 -0.432711 0.8538
0 -2.67535 4.62042 0.11722 0.666667 0.288866 -0.430656 0.855039
2.15923 -1.85861 4.30231 0.033886 0.583333 0.287479 -0.425877 0.857895
0 -1.86875 5.02921 0.11722 0.583333 -0.28683 -0.430512 0.855797
-2.00656 -2.67431 3.95145 0.200553 0.666667 -0.289587 -0.425652 0.857298
0 -2.67535 4.62042 0.11722 0.666667 -0.28525 -0.433282 0.854926
-2.15923 -1.85861 4.30231 0.200553 0.583333 -0.290818 -0.423472 0.857961
-2.00656 -2.67431 3.95145 0.200553 0.666667 -0.289587 -0.425652 0.857298
0 -1.86875 5.02921 0.11722 0.583333 -0.28683 -0.430512 0.855797
-2.15923 -1.85861 4.30231 0.200553 0.583333 -0.702259 -0.384798 0.598969
-3.57193 -2.67149 2.12378 0.283886 0.666667 -0.706741 -0.37669 0.59885
-2.00656 -2.67431 3.95145 0.200553 0.666667 -0.700081 -0.388685 0.599007
-3.85281 -1.83091 2.31639 0.283886 0.583333 -0.708276 -0.373881 0.598797
-3.57193 -2.67149 2.12378 0.283886 0.666667 -0.706741 -0.37669 0.59885
-2.15923 -1.85861 4.30231 0.200553 0.583333 -0.702259 -0.384798 0.598969
-3.85281 -1.83091 2.31639 0.283886 0.583333 -0.899152 -0.357199 0.252853
-4.27667 -2.66762 -0.372866 0.36722 0.666667 -0.900314 -0.354686 0.252255
-3.57193 -2.67149 2.12378 0.283886 0.666667 -0.898648 -0.358283 0.253111
-4.62695 -1.79307 -0.396431 0.36722 0.583333 -0.900658 -0.35394 0.252077
-4.27667 -2.66762 -0.372866 0.36722 0.666667 -0.900314 -0.354686 0.252255
-3.85281 -1.83091 2.31639 0.283886 0.583333 -0.899152 -0.357199 0.252853
-4.62695 -1.79307 -0.396431 0.36722 0.583333 -0.914497 -0.370671 -0.162168
-3.83548 -2.66376 -2.86951 0.450553 0.666667 -0.914481 -0.370719 -0.162146
-4.27667 -2.66762 -0.372866 0.36722 0.666667 -0.914504 -0.370649 -0.162178
-4.1613 -1.75522 -3.10925 0.450553 0.583333 -0.914476 -0.370734 -0.162139
-3.83548 -2.66376 -2.86951 0.450553 0.666667 -0.914481 -0.370719 -0.162146
-4.62695 -1.79307 -0.396431 0.36722 0.583333 -0.914497 -0.370671 -0.162168
-4.1613 -1.75522 -3.10925 0.450553 0.583333 -0.693899 -0.404668 -0.595607
-2.27011 -2.66094 -4.69718 0.533886 0.666667 -0.693996 -0.402529 -0.596942
-3.83548 -2.66376 -2.86951 0.450553 0.666667 -0.693845 -0.405806 -0.594895
-2.46772 -1.72752 -5.09517 0.533886 0.583333 -0.694033 -0.401683 -0.597469
-2.27011 -2.66094 -4.69718 0.533886 0.666667 -0.693996 -0.402529 -0.596942
-4.1613 -1.75522 -3.10925 0.450553 0.583333 -0.693899 -0.404668 -0.595607
-2.46772 -1.72752 -5.09517 0.533886 0.583333 -0.255456 -0.423516 -0.869124
0 -2.6599 -5.36615 0.61722 0.666667 -0.254928 -0.421839 -0.870094
-2.27011 -2.66094 -4.69718 0.533886 0.666667 -0.255761 -0.424488 -0.86856
0 -1.71738 -5.82207 0.61722 0.583333 -0.254694 -0.421093 -0.870524
0 -2.6599 -5.36615 0.61722 0.666667 -0.254928 -0.421839 -0.870094
-2.46772 -1.72752 -5.09517 0.533886 0.583333 -0.255456 -0.423516 -0.869124
0 -1.71738 -5.82207 0.61722 0.583333 0.255665 -0.421908 -0.869844
2.27011 -2.66094 -4.69718 0.700553 0.666667 0.254698 -0.423596 -0.869307
0 -2.6599 -5.36615 0.61722 0.666667 0.256233 -0.420916 -0.870158
2.46772 -1.72752 -5.09517 0.700553 0.583333 0.254248 -0.424379 -0.869057
2.27011 -2.66094 -4.69718 0.700553 0.666667 0.254698 -0.423596 -0.869307
0 -1.71738 -5.82207 0.61722 0.583333 0.255665 -0.421908 -0.869844
2.46772 -1.72752 -5.09517 0.700553 0.583333 0.69459 -0.402594 -0.596207
3.83548 -2.66376 -2.86951 0.783886 0.666667 0.693244 -0.404774 -0.596297
2.27011 -2.66094 -4.69718 0.700553 0.666667 0.695326 -0.401397 -0.596156
4.1613 -1.75522 -3.10925 0.783886 0.583333 0.692638 -0.405753 -0.596337
3.83548 -2.66376 -2.86951 0.783886 0.666667 0.693244 -0.404774 -0.596297
2.46772 -1.72752 -5.09517 0.700553 0.583333 0.69459 -0.402594 -0.596207
4.1613 -1.75522 -3.10925 0.783886 0.583333 0.914479 -0.370718 -0.162165
4.27667 -2.66762 -0.372866 0.86722 0.666667 0.914501 -0.370669 -0.16215
3.83548 -2.66376 -2.86951 0.783886 0.666667 0.914468 -0.37074 -0.162172
4.62695 -1.79307 -0.396431 0.86722 0.583333 0.914509 -0.370651 -0.162144
4.27667 -2.66762 -0.372866 0.86722 0.666667 0.914501 -0.370669 -0.16215
4.1613 -1.75522 -3.10925 0.783886 0.583333 0.914479 -0.370718 -0.162165
4.62695 -1.79307 -0.396431 0.86722 0.583333 0.900039 -0.354765 0.253124
3.57193 -2.67149 2.12378 0.950553 0.666667 0.899368 -0.357281 0.251966
4.27667 -2.66762 -0.372866 0.86722 0.666667 0.900305 -0.353758 0.253586
3.85281 -1.83091 2.31639 0.950553 0.583333 0.899148 -0.358101 0.251588
3.57193 -2.67149 2.12378 0.950553 0.666667 0.899368 -0.357281 0.251966
4.62695 -1.79307 -0.396431 0.86722 0.583333 0.900039 -0.354765 0.253124
2.19296 -0.740045 4.32922 0.033886 0.5 0.762591 -0.038528 0.645732
2.15923 -1.85861 4.30231 0.033886 0.583333 0.762106 -0.036652 0.646414
3.91489 -0.677552 2.2994 -0.049447 0.5 0.76122 -0.033254 0.64764
0 -0.762918 5.07219 0.11722 0.5 0.321008 -0.036783 0.946362
0 -1.86875 5.02921 0.11722 0.583333 0.320443 -0.035535 0.946601
2.19296 -0.740045 4.32922 0.033886 0.5 0.3196 -0.033679 0.946954
0 -0.762918 5.07219 0.11722 0.5 -0.319593 -0.035517 0.946889
-2.15923 -1.85861 4.30231 0.200553 0.583333 -0.320457 -0.033657 0.946665
0 -1.86875 5.02921 0.11722 0.583333 -0.318992 -0.036809 0.947043
-2.19296 -0.740045 4.32922 0.200553 0.5 -0.321016 -0.03245 0.946518
-2.15923 -1.85861 4.30231 0.200553 0.583333 -0.320457 -0.033657 0.946665
0 -0.762918 5.07219 0.11722 0.5 -0.319593 -0.035517 0.946889
-2.19296 -0.740045 4.32922 0.200553 0.5 -0.761162 -0.036618 0.647527
-3.85281 -1.83091 2.31639 0.283886 0.583333 -0.762174 -0.033218 0.646519
-2.15923 -1.85861 4.30231 0.200553 0.583333 -0.76059 -0.038525 0.648088
-3.91489 -0.677552 2.2994 0.283886 0.5 -0.762672 -0.031533 0.646016
-3.85281 -1.83091 2.31639 0.283886 0.583333 -0.762174 -0.033218 0.646519
-2.19296 -0.740045 4.32922 0.200553 0.5 -0.761162 -0.036618 0.647527
-3.91489 -0.677552 2.2994 0.283886 0.5 -0.960823 -0.046856 0.273174
-4.62695 -1.79307 -0.396431 0.36722 0.583333 -0.961069 -0.045259 0.272578
-3.85281 -1.83091 2.31639 0.283886 0.583333 -0.960695 -0.047682 0.273481
-4.70441 -0.592184 -0.473401 0.36722 0.5 -0.961177 -0.044549 0.272313
-4.62695 -1.79307 -0.396431 0.36722 0.583333 -0.961069 -0.045259 0.272578
-3.91489 -0.677552 2.2994 0.283886 0.5 -0.960823 -0.046856 0.273174
-4.70441 -0.592184 -0.473401 0.36722 0.5 -0.982691 -0.07456 -0.169584
-4.1613 -1.75522 -3.10925 0.450553 0.583333 -0.982691 -0.075064 -0.169362
-4.62695 -1.79307 -0.396431 0.36722 0.583333 -0.982691 -0.07427 -0.169713
-4.23339 -0.506817 -3.2462 0.450553 0.5 -0.982691 -0.075316 -0.169251
-4.1613 -1.75522 -3.10925 0.450553 0.583333 -0.982691 -0.075064 -0.169362
-4.70441 -0.592184 -0.473401 0.36722 0.5 -0.982691 -0.07456 -0.169584
-4.23339 -0.506817 -3.2462 0.450553 0.5 -0.755251 -0.115069 -0.645256
-2.46772 -1.72752 -5.09517 0.533886 0.583333 -0.755466 -0.116019 -0.644834
-4.1613 -1.75522 -3.10925 0.450553 0.583333 -0.755104 -0.114421 -0.645543
-2.51146 -0.444324 -5.27602 0.533886 0.5 -0.755597 -0.1166 -0.644575
-2.46772 -1.72752 -5.09517 0.533886 0.583333 -0.755466 -0.116019 -0.644834
-4.23339 -0.506817 -3.2462 0.450553 0.5 -0.755251 -0.115069 -0.645256
-2.51146 -0.444324 -5.27602 0.533886 0.5 -0.279223 -0.14361 -0.949427
0 -1.71738 -5.82207 0.61722 0.583333 -0.279389 -0.143983 -0.949321
-2.46772 -1.72752 -5.09517 0.533886 0.583333 -0.2791 -0.143334 -0.949504
0 -0.42145 -6.01899 0.61722 0.5 -0.279504 -0.144241 -0.949248
0 -1.71738 -5.82207 0.61722 0.583333 -0.279389 -0.143983 -0.949321
-2.51146 -0.444324 -5.27602 0.533886 0.5 -0.279223 -0.14361 -0.949427
2.51146 -0.444324 -5.27602 0.700553 0.5 0.279549 -0.14333 -0.949373
2.46772 -1.72752 -5.09517 0.700553 0.583333 0.279405 -0.143604 -0.949374
0 -0.42145 -6.01899 0.61722 0.5 0.279207 -0.143979 -0.949375
4.23339 -0.506817 -3.2462 0.783886 0.5 0.755829 -0.11437 -0.644703
4.1613 -1.75522 -3.10925 0.783886 0.583333 0.755554 -0.115051 -0.644905
2.51146 -0.444324 -5.27602 0.700553 0.5 0.755162 -0.116016 -0.645191
4.70441 -0.592184 -0.473401 0.86722 0.5 0.982776 -0.074244 -0.169232
4.62695 -1.79307 -0.396431 0.86722 0.583333 0.98273 -0.074551 -0.169364
4.23339 -0.506817 -3.2462 0.783886 0.5 0.982653 -0.075063 -0.169585
3.91489 -0.677552 2.2994 0.950553 0.5 0.961062 -0.047719 0.272183
3.85281 -1.83091 2.31639 0.950553 0.583333 0.961002 -0.046876 0.272539
4.70441 -0.592184 -0.473401 0.86722 0.5 0.960887 -0.04527 0.273217
3.7326 0.394248 2.19378 -0.049447 0.416667 0.744845 0.192002 0.639015
2.19296 -0.740045 4.32922 0.033886 0.5 0.742459 0.197381 0.640152
3.91489 -0.677552 2.2994 -0.049447 0.5 0.745825 0.189773 0.638538
2.09404 0.24348 4.1358 0.033886 0.416667 0.74104 0.20055 0.640812
2.19296 -0.740045 4.32922 0.033886 0.5 0.742459 0.197381 0.640152
3.7326 0.394248 2.19378 -0.049447 0.416667 0.744845 0.192002 0.639015
2.09404 0.24348 4.1358 0.033886 0.416667 0.310747 0.214894 0.925882
0 -0.762918 5.07219 0.11722 0.5 0.309285 0.217766 0.9257
2.19296 -0.740045 4.32922 0.033886 0.5 0.311491 0.213428 0.925971
0 0.189184 4.84632 0.11722 0.416667 0.308363 0.219574 0.925581
0 -0.762918 5.07219 0.11722 0.5 0.309285 0.217766 0.9257
2.09404 0.24348 4.1358 0.033886 0.416667 0.310747 0.214894 0.925882
-2.09404 0.24348 4.1358 0.200553 0.416667 -0.308952 0.213344 0.92684
-2.19296 -0.740045 4.32922 0.200553 0.5 -0.309506 0.214963 0.926281
0 0.189184 4.84632 0.11722 0.416667 -0.310493 0.217852 0.925276
-3.7326 0.394248 2.19378 0.283886 0.416667 -0.743124 0.189628 0.641723
-3.91489 -0.677552 2.2994 0.283886 0.5 -0.743356 0.192078 0.640724
-2.09404 0.24348 4.1358 0.200553 0.416667 -0.743859 0.197583 0.638462
-4.47662 0.605948 -0.461074 0.36722 0.416667 -0.944016 0.176612 0.278644
-4.70441 -0.592184 -0.473401 0.36722 0.5 -0.943838 0.179088 0.277664
-3.7326 0.394248 2.19378 0.283886 0.416667 -0.943415 0.184635 0.275458
-4.02114 0.824284 -3.11823 0.450553 0.416667 -0.973519 0.169937 -0.152915
-4.23339 -0.506817 -3.2462 0.450553 0.5 -0.972535 0.174095 -0.15449
-4.47662 0.605948 -0.461074 0.36722 0.416667 -0.970782 0.181291 -0.157212
-2.38258 0.988324 -5.06486 0.533886 0.416667 -0.761709 0.161024 -0.627591
-2.51146 -0.444324 -5.27602 0.533886 0.5 -0.759004 0.167108 -0.629275
-4.02114 0.824284 -3.11823 0.450553 0.416667 -0.755642 0.174551 -0.631299
0 1.04926 -5.77769 0.61722 0.416667 -0.286799 0.155107 -0.945351
0 -0.42145 -6.01899 0.61722 0.5 -0.284872 0.15839 -0.945389
-2.38258 0.988324 -5.06486 0.533886 0.416667 -0.282987 0.161591 -0.945413
0 1.04926 -5.77769 0.61722 0.416667 0.283072 0.158258 -0.945952
2.51146 -0.444324 -5.27602 0.700553 0.5 0.284742 0.161414 -0.944917
0 -0.42145 -6.01899 0.61722 0.5 0.281535 0.155359 -0.94689
2.38258 0.988324 -5.06486 0.700553 0.416667 0.286574 0.164883 -0.943763
2.51146 -0.444324 -5.27602 0.700553 0.5 0.284742 0.161414 -0.944917
0 1.04926 -5.77769 0.61722 0.416667 0.283072 0.158258 -0.945952
2.38258 0.988324 -5.06486 0.700553 0.416667 0.756375 0.166983 -0.632466
4.23339 -0.506817 -3.2462 0.783886 0.5 0.758152 0.174133 -0.628397
2.51146 -0.444324 -5.27602 0.700553 0.5 0.755 0.161586 -0.635504
4.02114 0.824284 -3.11823 0.783886 0.416667 0.759856 0.181187 -0.624332
4.23339 -0.506817 -3.2462 0.783886 0.5 0.758152 0.174133 -0.628397
2.38258 0.988324 -5.06486 0.700553 0.416667 0.756375 0.166983 -0.632466
4.02114 0.824284 -3.11823 0.783886 0.416667 0.971993 0.174079 -0.157879
4.70441 -0.592184 -0.473401 0.86722 0.5 0.971357 0.180928 -0.154047
4.23339 -0.506817 -3.2462 0.783886 0.5 0.972308 0.170418 -0.159921
4.47662 0.605948 -0.461074 0.86722 0.416667 0.970833 0.186133 -0.151124
4.70441 -0.592184 -0.473401 0.86722 0.5 0.971357 0.180928 -0.154047
4.02114 0.824284 -3.11823 0.783886 0.416667 0.971993 0.174079 -0.157879
4.47662 0.605948 -0.461074 0.86722 0.416667 0.94449 0.179065 0.275453
3.91489 -0.677552 2.2994 0.950553 0.5 0.942837 0.184393 0.277594
4.70441 -0.592184 -0.473401 0.86722 0.5 0.94516 0.176872 0.27457
3.7326 0.394248 2.19378 0.950553 0.416667 0.941803 0.187666 0.278906
3.91489 -0.677552 2.2994 0.950553 0.5 0.942837 0.184393 0.277594
4.47662 0.605948 -0.461074 0.86722 0.416667 0.94449 0.179065 0.275453
3.35252 1.29475 2.05797 -0.049447 0.333333 0.687251 0.389375 0.613248
2.09404 0.24348 4.1358 0.033886 0.416667 0.677286 0.404224 0.614725
3.7326 0.394248 2.19378 -0.049447 0.416667 0.690802 0.383972 0.612665
1.8867 1.07583 3.80269 0.033886 0.333333 0.670922 0.413475 0.615551
2.09404 0.24348 4.1358 0.033886 0.416667 0.677286 0.404224 0.614725
3.35252 1.29475 2.05797 -0.049447 0.333333 0.687251 0.389375 0.613248
1.8867 1.07583 3.80269 0.033886 0.333333 0.280385 0.419562 0.863338
0 0.189184 4.84632 0.11722 0.416667 0.275883 0.426718 0.861278
2.09404 0.24348 4.1358 0.033886 0.416667 0.282459 0.416244 0.864267
0 0.997209 4.44078 0.11722 0.333333 0.272821 0.431548 0.859846
0 0.189184 4.84632 0.11722 0.416667 0.275883 0.426718 0.861278
1.8867 1.07583 3.80269 0.033886 0.333333 0.280385 0.419562 0.863338
-1.8867 1.07583 3.80269 0.200553 0.333333 -0.275816 0.415575 0.866731
-2.09404 0.24348 4.1358 0.200553 0.416667 -0.277018 0.419921 0.86425
0 0.997209 4.44078 0.11722 0.333333 -0.279028 0.427218 0.860017
-3.35252 1.29475 2.05797 0.283886 0.333333 -0.683331 0.382235 0.622057
-3.7326 0.394248 2.19378 0.283886 0.416667 -0.682671 0.389704 0.618135
-1.8867 1.07583 3.80269 0.200553 0.333333 -0.681098 0.405553 0.609616
-4.0047 1.60352 -0.328755 0.36722 0.333333 -0.879581 0.377743 0.289218
-4.47662 0.605948 -0.461074 0.36722 0.416667 -0.877256 0.385471 0.286067
-3.35252 1.29475 2.05797 0.283886 0.333333 -0.872179 0.401541 0.279407
-3.58382 1.92352 -2.71937 0.450553 0.333333 -0.909992 0.400696 -0.106571
-4.02114 0.824284 -3.11823 0.450553 0.416667 -0.90498 0.411119 -0.109512
-4.0047 1.60352 -0.328755 0.36722 0.333333 -0.896767 0.427528 -0.114144
-2.118 2.16489 -4.4719 0.533886 0.333333 -0.719331 0.434799 -0.541768
-2.38258 0.988324 -5.06486 0.533886 0.416667 -0.710776 0.447717 -0.542538
-3.58382 1.92352 -2.71937 0.450553 0.333333 -0.701106 0.461893 -0.543237
0 2.25474 -5.11389 0.61722 0.333333 -0.274959 0.463763 -0.842212
0 1.04926 -5.77769 0.61722 0.416667 -0.270341 0.47014 -0.840169
-2.118 2.16489 -4.4719 0.533886 0.333333 -0.266265 0.475721 -0.838327
0 2.25474 -5.11389 0.61722 0.333333 0.266971 0.46969 -0.841498
2.38258 0.988324 -5.06486 0.700553 0.416667 0.269707 0.474987 -0.837643
0 1.04926 -5.77769 0.61722 0.416667 0.26463 0.465159 -0.844747
2.118 2.16489 -4.4719 0.700553 0.333333 0.272919 0.481208 -0.833039
2.38258 0.988324 -5.06486 0.700553 0.416667 0.269707 0.474987 -0.837643
0 2.25474 -5.11389 0.61722 0.333333 0.266971 0.46969 -0.841498
2.118 2.16489 -4.4719 0.700553 0.333333 0.705825 0.447534 -0.549112
4.02114 0.824284 -3.11823 0.783886 0.416667 0.706539 0.459953 -0.537816
2.38258 0.988324 -5.06486 0.700553 0.416667 0.705234 0.439114 -0.556619
3.58382 1.92352 -2.71937 0.783886 0.333333 0.707054 0.472274 -0.526339
4.02114 0.824284 -3.11823 0.783886 0.416667 0.706539 0.459953 -0.537816
2.118 2.16489 -4.4719 0.700553 0.333333 0.705825 0.447534 -0.549112
3.58382 1.92352 -2.71937 0.783886 0.333333 0.903885 0.411369 -0.117336
4.47662 0.605948 -0.461074 0.86722 0.416667 0.89858 0.425577 -0.10695
4.02114 0.824284 -3.11823 0.783886 0.416667 0.906211 0.404819 -0.122077
4.0047 1.60352 -0.328755 0.86722 0.333333 0.894362 0.436238 -0.099062
4.47662 0.605948 -0.461074 0.86722 0.416667 0.89858 0.425577 -0.10695
3.58382 1.92352 -2.71937 0.783886 0.333333 0.903885 0.411369 -0.117336
4.0047 1.60352 -0.328755 0.86722 0.333333 0.87928 0.38555 0.279674
3.7326 0.394248 2.19378 0.950553 0.416667 0.870883 0.399946 0.285669
4.47662 0.605948 -0.461074 0.86722 0.416667 0.882144 0.380502 0.277563
3.35252 1.29475 2.05797 0.950553 0.333333 0.865461 0.408936 0.289394
3.7326 0.394248 2.19378 0.950553 0.416667 0.870883 0.399946 0.285669
4.0047 1.60352 -0.328755 0.86722 0.333333 0.87928 0.38555 0.279674
2.75163 2.0803 1.68402 -0.049447 0.25 0.530904 0.661106 0.53017
1.8867 1.07583 3.80269 0.033886 0.333333 0.528324 0.663213 0.530115
3.35252 1.29475 2.05797 -0.049447 0.333333 0.532551 0.659754 0.530201
1.55607 1.88492 3.11436 0.033886 0.25 0.525357 0.665621 0.530046
1.8867 1.07583 3.80269 0.033886 0.333333 0.528324 0.663213 0.530115
2.75163 2.0803 1.68402 -0.049447 0.25 0.530904 0.661106 0.53017
1.55607 1.88492 3.11436 0.033886 0.25 0.207307 0.683052 0.700332
0 0.997209 4.44078 0.11722 0.333333 0.20591 0.684297 0.699527
1.8867 1.07583 3.80269 0.033886 0.333333 0.208718 0.681789 0.701142
0 1.81441 3.63755 0.11722 0.25 0.203665 0.686293 0.698228
0 0.997209 4.44078 0.11722 0.333333 0.20591 0.684297 0.699527
1.55607 1.88492 3.11436 0.033886 0.25 0.207307 0.683052 0.700332
0 1.81441 3.63755 0.11722 0.25 -0.206804 0.684573 0.698993
-1.8867 1.07583 3.80269 0.200553 0.333333 -0.206186 0.683311 0.700409
0 0.997209 4.44078 0.11722 0.333333 -0.207379 0.685747 0.697672
-1.55607 1.88492 3.11436 0.200553 0.25 -0.205297 0.681494 0.702438
-1.8867 1.07583 3.80269 0.200553 0.333333 -0.206186 0.683311 0.700409
0 1.81441 3.63755 0.11722 0.25 -0.206804 0.684573 0.698993
-1.55607 1.88492 3.11436 0.200553 0.25 -0.529026 0.663635 0.528885
-3.35252 1.29475 2.05797 0.283886 0.333333 -0.529607 0.661368 0.531139
-1.8867 1.07583 3.80269 0.200553 0.333333 -0.528696 0.664913 0.527609
-2.75163 2.0803 1.68402 0.283886 0.25 -0.530127 0.659313 0.533171
-3.35252 1.29475 2.05797 0.283886 0.333333 -0.529607 0.661368 0.531139
-1.55607 1.88492 3.11436 0.200553 0.25 -0.529026 0.663635 0.528885
-2.75163 2.0803 1.68402 0.283886 0.25 -0.695527 0.663436 0.275852
-4.0047 1.60352 -0.328755 0.36722 0.333333 -0.69545 0.663549 0.275777
-3.35252 1.29475 2.05797 0.283886 0.333333 -0.695563 0.663384 0.275887
-3.26634 2.35368 -0.272116 0.36722 0.25 -0.695391 0.663634 0.27572
-4.0047 1.60352 -0.328755 0.36722 0.333333 -0.69545 0.663549 0.275777
-2.75163 2.0803 1.68402 0.283886 0.25 -0.695527 0.663436 0.275852
-3.26634 2.35368 -0.272116 0.36722 0.25 -0.711518 0.70198 -0.031084
-3.58382 1.92352 -2.71937 0.450553 0.333333 -0.712182 0.701315 -0.030881
-4.0047 1.60352 -0.328755 0.36722 0.333333 -0.711165 0.702333 -0.031191
-2.90583 2.63455 -2.23085 0.450553 0.25 -0.712759 0.700737 -0.030704
-3.58382 1.92352 -2.71937 0.450553 0.333333 -0.712182 0.701315 -0.030881
-3.26634 2.35368 -0.272116 0.36722 0.25 -0.711518 0.70198 -0.031084
-2.90583 2.63455 -2.23085 0.450553 0.25 -0.547919 0.759014 -0.351685
-2.118 2.16489 -4.4719 0.533886 0.333333 -0.551975 0.755727 -0.352422
-3.58382 1.92352 -2.71937 0.450553 0.333333 -0.545222 0.761182 -0.351191
-1.71027 2.84489 -3.66639 0.533886 0.25 -0.556446 0.752063 -0.353226
-2.118 2.16489 -4.4719 0.533886 0.333333 -0.551975 0.755727 -0.352422
-2.90583 2.63455 -2.23085 0.450553 0.25 -0.547919 0.759014 -0.351685
-1.71027 2.84489 -3.66639 0.533886 0.25 -0.20761 0.795307 -0.569548
0 2.25474 -5.11389 0.61722 0.333333 -0.209724 0.79349 -0.571305
-2.118 2.16489 -4.4719 0.533886 0.333333 -0.206037 0.796652 -0.568238
0 2.92289 -4.19218 0.61722 0.25 -0.212401 0.791174 -0.573524
0 2.25474 -5.11389 0.61722 0.333333 -0.209724 0.79349 -0.571305
-1.71027 2.84489 -3.66639 0.533886 0.25 -0.20761 0.795307 -0.569548
0 2.92289 -4.19218 0.61722 0.25 0.208318 0.793227 -0.572184
2.118 2.16489 -4.4719 0.700553 0.333333 0.209267 0.794894 -0.569519
0 2.25474 -5.11389 0.61722 0.333333 0.207624 0.792005 -0.574127
1.71027 2.84489 -3.66639 0.700553 0.25 0.210426 0.796924 -0.566245
2.118 2.16489 -4.4719 0.700553 0.333333 0.209267 0.794894 -0.569519
0 2.92289 -4.19218 0.61722 0.25 0.208318 0.793227 -0.572184
1.71027 2.84489 -3.66639 0.700553 0.25 0.550813 0.755543 -0.354626
3.58382 1.92352 -2.71937 0.783886 0.333333 0.549924 0.758223 -0.350261
2.118 2.16489 -4.4719 0.700553 0.333333 0.551356 0.753872 -0.357329
2.90583 2.63455 -2.23085 0.783886 0.25 0.548981 0.760993 -0.3457
3.58382 1.92352 -2.71937 0.783886 0.333333 0.549924 0.758223 -0.350261
1.71027 2.84489 -3.66639 0.700553 0.25 0.550813 0.755543 -0.354626
2.90583 2.63455 -2.23085 0.783886 0.25 0.712182 0.701297 -0.031301
4.0047 1.60352 -0.328755 0.86722 0.333333 0.711673 0.701839 -0.030714
3.58382 1.92352 -2.71937 0.783886 0.333333 0.71243 0.701032 -0.031588
3.26634 2.35368 -0.272116 0.86722 0.25 0.711224 0.702317 -0.030196
4.0047 1.60352 -0.328755 0.86722 0.333333 0.711673 0.701839 -0.030714
2.90583 2.63455 -2.23085 0.783886 0.25 0.712182 0.701297 -0.031301
3.26634 2.35368 -0.272116 0.86722 0.25 0.69542 0.663554 0.275839
3.35252 1.29475 2.05797 0.950553 0.333333 0.695532 0.663457 0.27579
4.0047 1.60352 -0.328755 0.86722 0.333333 0.695367 0.6636 0.275862
2.75163 2.0803 1.68402 0.950553 0.25 0.695632 0.66337 0.275747
3.35252 1.29475 2.05797 0.950553 0.333333 0.695532 0.663457 0.27579
3.26634 2.35368 -0.272116 0.86722 0.25 0.69542 0.663554 0.275839
1.96012 2.6896 1.15619 -0.049447 0.166667 0.360912 0.834069 0.417219
1.55607 1.88492 3.11436 0.033886 0.25 0.359589 0.834656 0.417187
2.75163 2.0803 1.68402 -0.049447 0.25 0.363061 0.833111 0.417269
1.11539 2.54226 2.17079 0.033886 0.166667 0.355 0.836676 0.417071
1.55607 1.88492 3.11436 0.033886 0.25 0.359589 0.834656 0.417187
1.96012 2.6896 1.15619 -0.049447 0.166667 0.360912 0.834069 0.417219
1.11539 2.54226 2.17079 0.033886 0.166667 0.135798 0.842482 0.521329
0 1.81441 3.63755 0.11722 0.25 0.135487 0.842632 0.521167
1.55607 1.88492 3.11436 0.033886 0.25 0.137429 0.841691 0.522177
0 2.48883 2.54198 0.11722 0.166667 0.132489 0.844074 0.519602
0 1.81441 3.63755 0.11722 0.25 0.135487 0.842632 0.521167
1.11539 2.54226 2.17079 0.033886 0.166667 0.135798 0.842482 0.521329
0 2.48883 2.54198 0.11722 0.166667 -0.135569 0.842876 0.520751
-1.55607 1.88492 3.11436 0.200553 0.25 -0.135401 0.842722 0.521044
0 1.81441 3.63755 0.11722 0.25 -0.136383 0.843624 0.519325
-1.11539 2.54226 2.17079 0.200553 0.166667 -0.133944 0.841377 0.523587
-1.55607 1.88492 3.11436 0.200553 0.25 -0.135401 0.842722 0.521044
0 2.48883 2.54198 0.11722 0.166667 -0.135569 0.842876 0.520751
-1.11539 2.54226 2.17079 0.200553 0.166667 -0.359614 0.835087 0.416302
-2.75163 2.0803 1.68402 0.283886 0.25 -0.359783 0.834407 0.417517
-1.55607 1.88492 3.11436 0.200553 0.25 -0.359374 0.836043 0.414587
-1.96012 2.6896 1.15619 0.283886 0.166667 -0.360243 0.83254 0.420835
-2.75163 2.0803 1.68402 0.283886 0.25 -0.359783 0.834407 0.417517
-1.11539 2.54226 2.17079 0.200553 0.166667 -0.359614 0.835087 0.416302
-1.96012 2.6896 1.15619 0.283886 0.166667 -0.483798 0.840237 0.244831
-3.26634 2.35368 -0.272116 0.36722 0.25 -0.483916 0.840129 0.244965
-2.75163 2.0803 1.68402 0.283886 0.25 -0.483692 0.840333 0.244711
-2.30787 2.8941 -0.23089 0.36722 0.166667 -0.484136 0.839931 0.245212
-3.26634 2.35368 -0.272116 0.36722 0.25 -0.483916 0.840129 0.244965
-1.96012 2.6896 1.15619 0.283886 0.166667 -0.483798 0.840237 0.244831
-2.30787 2.8941 -0.23089 0.36722 0.166667 -0.492124 0.869851 0.034247
-2.90583 2.63455 -2.23085 0.450553 0.25 -0.492265 0.869769 0.0343
-3.26634 2.35368 -0.272116 0.36722 0.25 -0.491977 0.869936 0.034192
-2.03723 3.10236 -1.61927 0.450553 0.166667 -0.492571 0.869592 0.034414
-2.90583 2.63455 -2.23085 0.450553 0.25 -0.492265 0.869769 0.0343
-2.30787 2.8941 -0.23089 0.36722 0.166667 -0.492124 0.869851 0.034247
-2.03723 3.10236 -1.61927 0.450553 0.166667 -0.371396 0.912021 -0.17402
-1.71027 2.84489 -3.66639 0.533886 0.25 -0.372667 0.911477 -0.174155
-2.90583 2.63455 -2.23085 0.450553 0.25 -0.369304 0.912912 -0.173798
-1.19249 3.25718 -2.63647 0.533886 0.166667 -0.376966 0.90962 -0.174608
-1.71027 2.84489 -3.66639 0.533886 0.25 -0.372667 0.911477 -0.174155
-2.03723 3.10236 -1.61927 0.450553 0.166667 -0.371396 0.912021 -0.17402
-1.19249 3.25718 -2.63647 0.533886 0.166667 -0.138895 0.940977 -0.308659
0 2.92289 -4.19218 0.61722 0.25 -0.139439 0.940774 -0.309032
-1.71027 2.84489 -3.66639 0.533886 0.25 -0.137542 0.94148 -0.30773
0 3.31435 -3.00896 0.61722 0.166667 -0.14217 0.939748 -0.310905
0 2.92289 -4.19218 0.61722 0.25 -0.139439 0.940774 -0.309032
-1.19249 3.25718 -2.63647 0.533886 0.166667 -0.138895 0.940977 -0.308659
0 3.31435 -3.00896 0.61722 0.166667 0.13918 0.940625 -0.309604
1.71027 2.84489 -3.66639 0.700553 0.25 0.139457 0.940783 -0.308996
0 2.92289 -4.19218 0.61722 0.25 0.138512 0.94024 -0.311068
1.19249 3.25718 -2.63647 0.700553 0.166667 0.140764 0.941526 -0.306129
1.71027 2.84489 -3.66639 0.700553 0.25 0.139457 0.940783 -0.308996
0 3.31435 -3.00896 0.61722 0.166667 0.13918 0.940625 -0.309604
1.19249 3.25718 -2.63647 0.700553 0.166667 0.372632 0.911301 -0.175146
2.90583 2.63455 -2.23085 0.783886 0.25 0.372442 0.911629 -0.173841
1.71027 2.84489 -3.66639 0.700553 0.25 0.372918 0.910803 -0.177117
2.03723 3.10236 -1.61927 0.783886 0.166667 0.371867 0.912602 -0.169919
2.90583 2.63455 -2.23085 0.783886 0.25 0.372442 0.911629 -0.173841
1.19249 3.25718 -2.63647 0.700553 0.166667 0.372632 0.911301 -0.175146
2.03723 3.10236 -1.61927 0.783886 0.166667 0.492299 0.869754 0.034199
3.26634 2.35368 -0.272116 0.86722 0.25 0.492197 0.869807 0.034321
2.90583 2.63455 -2.23085 0.783886 0.25 0.492397 0.869703 0.034081
2.30787 2.8941 -0.23089 0.86722 0.166667 0.491983 0.869918 0.034578
3.26634 2.35368 -0.272116 0.86722 0.25 0.492197 0.869807 0.034321
2.03723 3.10236 -1.61927 0.783886 0.166667 0.492299 0.869754 0.034199
2.30787 2.8941 -0.23089 0.86722 0.166667 0.48401 0.840104 0.244865
2.75163 2.0803 1.68402 0.950553 0.25 0.483833 0.840185 0.24494
3.26634 2.35368 -0.272116 0.86722 0.25 0.484174 0.84003 0.244796
1.96012 2.6896 1.15619 0.950553 0.166667 0.48345 0.840358 0.245103
2.75163 2.0803 1.68402 0.950553 0.25 0.483833 0.840185 0.24494
2.30787 2.8941 -0.23089 0.86722 0.166667 0.48401 0.840104 0.244865
1.02376 3.12368 0.514523 -0.049447 0.083333 0.212701 0.925578 0.313151
1.11539 2.54226 2.17079 0.033886 0.166667 0.213368 0.925452 0.31307
1.96012 2.6896 1.15619 -0.049447 0.166667 0.214478 0.925241 0.312934
0.586702 3.04399 1.0409 0.033886 0.083333 0.208826 0.926301 0.31362
1.11539 2.54226 2.17079 0.033886 0.166667 0.213368 0.925452 0.31307
1.02376 3.12368 0.514523 -0.049447 0.083333 0.212701 0.925578 0.313151
0.586702 3.04399 1.0409 0.033886 0.083333 0.078518 0.92464 0.372659
0 2.48883 2.54198 0.11722 0.166667 0.079282 0.924479 0.372898
1.11539 2.54226 2.17079 0.033886 0.166667 0.079884 0.924351 0.373086
0 3.01496 1.23352 0.11722 0.083333 0.076349 0.925095 0.37198
0 2.48883 2.54198 0.11722 0.166667 0.079282 0.924479 0.372898
0.586702 3.04399 1.0409 0.033886 0.083333 0.078518 0.92464 0.372659
0 3.01496 1.23352 0.11722 0.083333 -0.078523 0.924563 0.37285
-1.11539 2.54226 2.17079 0.200553 0.166667 -0.07907 0.924742 0.37229
0 2.48883 2.54198 0.11722 0.166667 -0.079461 0.92487 0.371889
-0.586702 3.04399 1.0409 0.200553 0.083333 -0.077146 0.924109 0.37426
-1.11539 2.54226 2.17079 0.200553 0.166667 -0.07907 0.924742 0.37229
0 3.01496 1.23352 0.11722 0.083333 -0.078523 0.924563 0.37285
-0.586702 3.04399 1.0409 0.200553 0.083333 -0.212549 0.925599 0.313191
-1.96012 2.6896 1.15619 0.283886 0.166667 -0.212651 0.925789 0.312561
-1.11539 2.54226 2.17079 0.200553 0.166667 -0.212797 0.926061 0.311654
-1.02376 3.12368 0.514523 0.283886 0.083333 -0.21208 0.924724 0.316083
-1.96012 2.6896 1.15619 0.283886 0.166667 -0.212651 0.925789 0.312561
-0.586702 3.04399 1.0409 0.200553 0.083333 -0.212549 0.925599 0.313191
-1.02376 3.12368 0.514523 0.283886 0.083333 -0.289083 0.933902 0.210374
-2.30787 2.8941 -0.23089 0.36722 0.166667 -0.289063 0.933918 0.210334
-1.96012 2.6896 1.15619 0.283886 0.166667 -0.288969 0.933988 0.21015
-1.19406 3.2334 -0.204825 0.36722 0.083333 -0.289363 0.933693 0.21092
-2.30787 2.8941 -0.23089 0.36722 0.166667 -0.289063 0.933918 0.210334
-1.02376 3.12368 0.514523 0.283886 0.083333 -0.289083 0.933902 0.210374
-1.19406 3.2334 -0.204825 0.36722 0.083333 -0.292126 0.952515 0.085891
-2.03723 3.10236 -1.61927 0.450553 0.166667 -0.292134 0.952512 0.085896
-2.30787 2.8941 -0.23089 0.36722 0.166667 -0.292167 0.9525 0.085916
-1.04442 3.34412 -0.924522 0.450553 0.083333 -0.292025 0.952552 0.085827
-2.03723 3.10236 -1.61927 0.450553 0.166667 -0.292134 0.952512 0.085896
-1.19406 3.2334 -0.204825 0.36722 0.083333 -0.292126 0.952515 0.085891
-1.04442 3.34412 -0.924522 0.450553 0.083333 -0.217034 0.975679 -0.030781
-1.19249 3.25718 -2.63647 0.533886 0.166667 -0.216656 0.975762 -0.030818
-2.03723 3.10236 -1.61927 0.450553 0.166667 -0.216041 0.975896 -0.030878
-0.607362 3.42581 -1.4516 0.533886 0.083333 -0.219149 0.975212 -0.030574
-1.19249 3.25718 -2.63647 0.533886 0.166667 -0.216656 0.975762 -0.030818
-1.04442 3.34412 -0.924522 0.450553 0.083333 -0.217034 0.975679 -0.030781
-0.607362 3.42581 -1.4516 0.533886 0.083333 -0.080201 0.991521 -0.102244
0 3.31435 -3.00896 0.61722 0.166667 -0.079781 0.991571 -0.102084
-1.19249 3.25718 -2.63647 0.533886 0.166667 -0.079381 0.991619 -0.101932
0 3.45585 -1.64457 0.61722 0.083333 -0.081689 0.991341 -0.102812
0 3.31435 -3.00896 0.61722 0.166667 -0.079781 0.991571 -0.102084
-0.607362 3.42581 -1.4516 0.533886 0.083333 -0.080201 0.991521 -0.102244
0 3.45585 -1.64457 0.61722 0.083333 0.080206 0.991528 -0.102172
1.19249 3.25718 -2.63647 0.700553 0.166667 0.079917 0.991516 -0.102517
0 3.31435 -3.00896 0.61722 0.166667 0.079656 0.991505 -0.102829
0.607362 3.42581 -1.4516 0.700553 0.083333 0.081142 0.991566 -0.101054
1.19249 3.25718 -2.63647 0.700553 0.166667 0.079917 0.991516 -0.102517
0 3.45585 -1.64457 0.61722 0.083333 0.080206 0.991528 -0.102172
0.607362 3.42581 -1.4516 0.700553 0.083333 0.217102 0.975664 -0.030773
2.03723 3.10236 -1.61927 0.783886 0.166667 0.217057 0.975662 -0.031151
1.19249 3.25718 -2.63647 0.700553 0.166667 0.216992 0.975659 -0.031703
1.04442 3.34412 -0.924522 0.783886 0.083333 0.217314 0.975672 -0.02898
2.03723 3.10236 -1.61927 0.783886 0.166667 0.217057 0.975662 -0.031151
0.607362 3.42581 -1.4516 0.700553 0.083333 0.217102 0.975664 -0.030773
1.04442 3.34412 -0.924522 0.783886 0.083333 0.292114 0.952519 0.085893
2.30787 2.8941 -0.23089 0.86722 0.166667 0.29211 0.952519 0.085901
2.03723 3.10236 -1.61927 0.783886 0.166667 0.292093 0.952522 0.085934
1.19406 3.2334 -0.204825 0.86722 0.083333 0.292167 0.952512 0.085791
2.30787 2.8941 -0.23089 0.86722 0.166667 0.29211 0.952519 0.085901
1.04442 3.34412 -0.924522 0.783886 0.083333 0.292114 0.952519 0.085893
1.19406 3.2334 -0.204825 0.86722 0.083333 0.289161 0.933877 0.210379
1.96012 2.6896 1.15619 0.950553 0.166667 0.289201 0.933871 0.210354
2.30787 2.8941 -0.23089 0.86722 0.166667 0.289391 0.933839 0.210234
1.02376 3.12368 0.514523 0.950553 0.083333 0.288541 0.933981 0.210769
1.96012 2.6896 1.15619 0.950553 0.166667 0.289201 0.933871 0.210354
1.19406 3.2334 -0.204825 0.86722 0.083333 0.289161 0.933877 0.210379
0 -3.98487 -0.337372 -0.00778 1 0.024213 -0.999005 0.037444
1.34866 -3.91792 0.576684 -0.049447 0.916667 0.024213 -0.999005 0.037444
0.771068 -3.90681 1.24684 0.033886 0.916667 0.024213 -0.999005 0.037444
0 -3.98487 -0.337372 0.075553 1 0.008995 -0.998953 0.044848
0.771068 -3.90681 1.24684 0.033886 0.916667 0.008995 -0.998953 0.044848
0 -3.90274 1.49213 0.11722 0.916667 0.008995 -0.998953 0.044848
0 -3.98487 -0.337372 0.158886 1 -0.008995 -0.998953 0.044848
0 -3.90274 1.49213 0.11722 0.916667 -0.008995 -0.998953 0.044848
-0.771068 -3.90681 1.24684 0.200553 0.916667 -0.008995 -0.998953 0.044848
0 -3.98487 -0.337372 0.24222 1 -0.024213 -0.999005 0.037444
-0.771068 -3.90681 1.24684 0.200553 0.916667 -0.024213 -0.999005 0.037444
-1.34866 -3.91792 0.576684 0.283886 0.916667 -0.024213 -0.999005 0.037444
0 -3.98487 -0.337372 0.325553 1 -0.032793 -0.999155 0.024794
-1.34866 -3.91792 0.576684 0.283886 0.916667 -0.032793 -0.999155 0.024794
-1.57802 -3.93311 -0.338767 0.36722 0.916667 -0.032793 -0.999155 0.024794
0 -3.98487 -0.337372 0.408886 1 -0.032789 -0.999416 0.009652
-1.57802 -3.93311 -0.338767 0.36722 0.916667 -0.032789 -0.999416 0.009652
-1.38454 -3.9483 -1.25422 0.450553 0.916667 -0.032789 -0.999416 0.009652
0 -3.98487 -0.337372 0.49222 1 -0.023803 -0.999709 -0.003929
-1.38454 -3.9483 -1.25422 0.450553 0.916667 -0.023803 -0.999709 -0.003929
-0.80695 -3.95942 -1.92437 0.533886 0.916667 -0.023803 -0.999709 -0.003929
0 -3.98487 -0.337372 0.575553 1 -0.00859 -0.999895 -0.011667
-0.80695 -3.95942 -1.92437 0.533886 0.916667 -0.00859 -0.999895 -0.011667
0 -3.96349 -2.16967 0.61722 0.916667 -0.00859 -0.999895 -0.011667
0 -3.98487 -0.337372 0.658886 1 0.00859 -0.999895 -0.011667
0 -3.96349 -2.16967 0.61722 0.916667 0.00859 -0.999895 -0.011667
0.80695 -3.95942 -1.92437 0.700553 0.916667 0.00859 -0.999895 -0.011667
0 -3.98487 -0.337372 0.74222 1 0.023803 -0.999709 -0.003929
0.80695 -3.95942 -1.92437 0.700553 0.916667 0.023803 -0.999709 -0.003929
1.38454 -3.9483 -1.25422 0.783886 0.916667 0.023803 -0.999709 -0.003929
0 -3.98487 -0.337372 0.825553 1 0.032789 -0.999416 0.009652
1.38454 -3.9483 -1.25422 0.783886 0.916667 0.032789 -0.999416 0.009652
1.57802 -3.93311 -0.338767 0.86722 0.916667 0.032789 -0.999416 0.009652
0 -3.98487 -0.337372 0.908886 1 0.032793 -0.999155 0.024794
1.57802 -3.93311 -0.338767 0.86722 0.916667 0.032793 -0.999155 0.024794
1.34866 -3.91792 0.576684 0.950553 0.916667 0.032793 -0.999155 0.024794
0 3.34905 -0.195909 -0.00778 0 0.071247 0.97577 0.206875
0.586702 3.04399 1.0409 0.033886 0.083333 0.071247 0.97577 0.206875
1.02376 3.12368 0.514523 -0.049447 0.083333 0.071247 0.97577 0.206875
0 3.34905 -0.195909 0.075553 0 0.026526 0.973415 0.227508
0 3.01496 1.23352 0.11722 0.083333 0.026526 0.973415 0.227508
0.586702 3.04399 1.0409 0.033886 0.083333 0.026526 0.973415 0.227508
0 3.34905 -0.195909 0.158886 0 -0.026526 0.973415 0.227508
-0.586702 3.04399 1.0409 0.200553 0.083333 -0.026526 0.973415 0.227508
0 3.01496 1.23352 0.11722 0.083333 -0.026526 0.973415 0.227508
0 3.34905 -0.195909 0.24222 0 -0.071247 0.97577 0.206875
-1.02376 3.12368 0.514523 0.283886 0.083333 -0.071247 0.97577 0.206875
-0.586702 3.04399 1.0409 0.200553 0.083333 -0.071247 0.97577 0.206875
0 3.34905 -0.195909 0.325553 0 -0.096237 0.98033 0.172311
-1.19406 3.2334 -0.204825 0.36722 0.083333 -0.096237 0.98033 0.172311
-1.02376 3.12368 0.514523 0.283886 0.083333 -0.096237 0.98033 0.172311
0 3.34905 -0.195909 0.408886 0 -0.096538 0.986577 0.131708
-1.04442 3.34412 -0.924522 0.450553 0.083333 -0.096538 0.986577 0.131708
-1.19406 3.2334 -0.204825 0.36722 0.083333 -0.096538 0.986577 0.131708
0 3.34905 -0.195909 0.49222 0 -0.070984 0.99294 0.095034
-0.607362 3.42581 -1.4516 0.533886 0.083333 -0.070984 0.99294 0.095034
-1.04442 3.34412 -0.924522 0.450553 0.083333 -0.070983 0.99294 0.095034
0 3.34905 -0.195909 0.575553 0 -0.02595 0.996958 0.073498
0 3.45585 -1.64457 0.61722 0.083333 -0.02595 0.996958 0.073498
-0.607362 3.42581 -1.4516 0.533886 0.083333 -0.02595 0.996958 0.073498
0 3.34905 -0.195909 0.658886 0 0.02595 0.996958 0.073498
0.607362 3.42581 -1.4516 0.700553 0.083333 0.02595 0.996958 0.073498
0 3.45585 -1.64457 0.61722 0.083333 0.02595 0.996958 0.073498
0 3.34905 -0.195909 0.74222 0 0.070984 0.99294 0.095034
1.04442 3.34412 -0.924522 0.783886 0.083333 0.070984 0.99294 0.095034
0.607362 3.42581 -1.4516 0.700553 0.083333 0.070984 0.99294 0.095034
0 3.34905 -0.195909 0.825553 0 0.096538 0.986577 0.131708
1.19406 3.2334 -0.204825 0.86722 0.083333 0.096538 0.986577 0.131708
1.04442 3.34412 -0.924522 0.783886 0.083333 0.096538 0.986577 0.131708
0 3.34905 -0.195909 0.908886 0 0.096237 0.98033 0.172311
1.02376 3.12368 0.514523 0.950553 0.083333 0.096237 0.98033 0.172311
1.19406 3.2334 -0.204825 0.86722 0.083333 0.096237 0.98033 0.172311
0 0.997209 4.44078 0.11722 0.333333 -0.279028 0.427218 0.860017
-2.09404 0.24348 4.1358 0.200553 0.416667 -0.277018 0.419921 0.86425
0 0.189184 4.84632 0.11722 0.416667 -0.279963 0.430626 0.85801
-1.8867 1.07583 3.80269 0.200553 0.333333 -0.681098 0.405553 0.609616
-3.7326 0.394248 2.19378 0.283886 0.416667 -0.682671 0.389704 0.618135
-2.09404 0.24348 4.1358 0.200553 0.416667 -0.680387 0.412033 0.606055
0 0.189184 4.84632 0.11722 0.416667 -0.310493 0.217852 0.925276
-2.19296 -0.740045 4.32922 0.200553 0.5 -0.309506 0.214963 0.926281
0 -0.762918 5.07219 0.11722 0.5 -0.311012 0.219375 0.924741
-2.09404 0.24348 4.1358 0.200553 0.416667 -0.743859 0.197583 0.638462
-3.91489 -0.677552 2.2994 0.283886 0.5 -0.743356 0.192078 0.640724
-2.19296 -0.740045 4.32922 0.200553 0.5 -0.744088 0.200183 0.637385
-3.35252 1.29475 2.05797 0.283886 0.333333 -0.872179 0.401541 0.279407
-4.47662 0.605948 -0.461074 0.36722 0.416667 -0.877256 0.385471 0.286067
-3.7326 0.394248 2.19378 0.283886 0.416667 -0.86978 0.408792 0.276354
-4.47662 0.605948 -0.461074 0.36722 0.416667 -0.970782 0.181291 -0.157212
-4.23339 -0.506817 -3.2462 0.450553 0.5 -0.972535 0.174095 -0.15449
-4.70441 -0.592184 -0.473401 0.36722 0.5 -0.969606 0.18598 -0.158983
-3.7326 0.394248 2.19378 0.283886 0.416667 -0.943415 0.184635 0.275458
-4.70441 -0.592184 -0.473401 0.36722 0.5 -0.943838 0.179088 0.277664
-3.91489 -0.677552 2.2994 0.283886 0.5 -0.943188 0.187451 0.274334
-4.0047 1.60352 -0.328755 0.36722 0.333333 -0.896767 0.427528 -0.114144
-4.02114 0.824284 -3.11823 0.450553 0.416667 -0.90498 0.411119 -0.109512
-4.47662 0.605948 -0.461074 0.36722 0.416667 -0.891669 0.437331 -0.116913
-4.02114 0.824284 -3.11823 0.450553 0.416667 -0.755642 0.174551 -0.631299
-2.51146 -0.444324 -5.27602 0.533886 0.5 -0.759004 0.167108 -0.629275
-4.23339 -0.506817 -3.2462 0.450553 0.5 -0.752734 0.180883 -0.632987
-3.58382 1.92352 -2.71937 0.450553 0.333333 -0.701106 0.461893 -0.543237
-2.38258 0.988324 -5.06486 0.533886 0.416667 -0.710776 0.447717 -0.542538
-4.02114 0.824284 -3.11823 0.450553 0.416667 -0.693261 0.473078 -0.543679
-2.38258 0.988324 -5.06486 0.533886 0.416667 -0.282987 0.161591 -0.945413
0 -0.42145 -6.01899 0.61722 0.5 -0.284872 0.15839 -0.945389
-2.51146 -0.444324 -5.27602 0.533886 0.5 -0.281186 0.164643 -0.945424
-2.118 2.16489 -4.4719 0.533886 0.333333 -0.266265 0.475721 -0.838327
0 1.04926 -5.77769 0.61722 0.416667 -0.270341 0.47014 -0.840169
-2.38258 0.988324 -5.06486 0.533886 0.416667 -0.262601 0.480702 -0.83664
0 -0.42145 -6.01899 0.61722 0.5 0.279207 -0.143979 -0.949375
2.46772 -1.72752 -5.09517 0.700553 0.583333 0.279405 -0.143604 -0.949374
0 -1.71738 -5.82207 0.61722 0.583333 0.279058 -0.14426 -0.949376
2.51146 -0.444324 -5.27602 0.700553 0.5 0.755162 -0.116016 -0.645191
4.1613 -1.75522 -3.10925 0.783886 0.583333 0.755554 -0.115051 -0.644905
2.46772 -1.72752 -5.09517 0.700553 0.583333 0.754887 -0.116691 -0.64539
4.23339 -0.506817 -3.2462 0.783886 0.5 0.982653 -0.075063 -0.169585
4.62695 -1.79307 -0.396431 0.86722 0.583333 0.98273 -0.074551 -0.169364
4.1613 -1.75522 -3.10925 0.783886 0.583333 0.982608 -0.075363 -0.169714
4.70441 -0.592184 -0.473401 0.86722 0.5 0.960887 -0.04527 0.273217
3.85281 -1.83091 2.31639 0.950553 0.583333 0.961002 -0.046876 0.272539
4.62695 -1.79307 -0.396431 0.86722 0.583333 0.960826 -0.044448 0.273564
3.91489 -0.677552 2.2994 -0.049447 0.5 0.76122 -0.033254 0.64764
2.15923 -1.85861 4.30231 0.033886 0.583333 0.762106 -0.036652 0.646414
3.85281 -1.83091 2.31639 -0.049447 0.583333 0.760731 -0.031395 0.648308
2.19296 -0.740045 4.32922 0.033886 0.5 0.3196 -0.033679 0.946954
0 -1.86875 5.02921 0.11722 0.583333 0.320443 -0.035535 0.946601
2.15923 -1.85861 4.30231 0.033886 0.583333 0.319022 -0.032406 0.947193
0 2.72721 1.99826 0.125 0.5 0.303815 -0.7021 0.644012
-0 2.67446 1.94076 0.125 0.625 0.303815 -0.7021 0.644012
1.63882 2.76674 1.26824 0 0.625 0.303815 -0.7021 0.644012
-1.67403 2.82147 1.31129 0.25 0.5 -0.303815 -0.7021 0.644012
-1.63882 2.76674 1.26824 0.25 0.625 -0.303815 -0.7021 0.644012
-0 2.67446 1.94076 0.125 0.625 -0.303815 -0.7021 0.644012
-2.36744 3.04904 -0.347198 0.375 0.5 -0.733476 -0.643693 0.21834
-2.31764 2.98953 -0.355364 0.375 0.625 -0.733476 -0.643693 0.21834
-1.63882 2.76674 1.26824 0.25 0.625 -0.733476 -0.643693 0.21834
-1.67403 3.27661 -2.00569 0.5 0.5 -0.733476 -0.561094 -0.38365
-1.63882 3.21231 -1.97897 0.5 0.625 -0.733476 -0.561094 -0.38365
-2.31764 2.98953 -0.355364 0.375 0.625 -0.733476 -0.561094 -0.38365
0 3.37087 -2.69266 0.625 0.5 -0.303815 -0.502684 -0.809324
-0 3.30458 -2.65149 0.625 0.625 -0.303815 -0.502684 -0.809324
-1.63882 3.21231 -1.97897 0.5 0.625 -0.303815 -0.502684 -0.809324
1.67403 3.27661 -2.00569 0.75 0.5 0.303815 -0.502682 -0.809325
1.63882 3.21231 -1.97897 0.75 0.625 0.303815 -0.502682 -0.809325
-0 3.30458 -2.65149 0.625 0.625 0.303815 -0.502682 -0.809325
2.36744 3.04904 -0.347198 0.875 0.5 0.733478 -0.561091 -0.383649
2.31764 2.98953 -0.355364 0.875 0.625 0.733478 -0.561091 -0.383649
1.63882 3.21231 -1.97897 0.75 0.625 0.733478 -0.561091 -0.383649
1.67403 2.82147 1.31129 1 0.5 0.733477 -0.643692 0.218339
1.63882 2.76674 1.26824 1 0.625 0.733477 -0.643692 0.218339
2.31764 2.98953 -0.355364 0.875 0.625 0.733477 -0.643693 0.218339
0 2.84115 1.832 0.125 0.375 0.182419 0.811046 0.555812
0 2.72721 1.99826 0.125 0.5 0.182419 0.811046 0.555812
1.67403 2.82147 1.31129 0 0.5 0.182419 0.811046 0.555812
-1.5466 2.92824 1.19732 0.25 0.375 -0.182419 0.811046 0.555812
-1.67403 2.82147 1.31129 0.25 0.5 -0.182419 0.811046 0.555812
0 2.72721 1.99826 0.125 0.5 -0.182419 0.811046 0.555812
-2.18723 3.13848 -0.334925 0.375 0.375 -0.440399 0.846116 0.300227
-2.36744 3.04904 -0.347198 0.375 0.5 -0.4404 0.846116 0.300227
-1.67403 2.82147 1.31129 0.25 0.5 -0.440399 0.846116 0.300227
-1.5466 3.34873 -1.86717 0.5 0.375 -0.440399 0.895712 -0.061225
-1.67403 3.27661 -2.00569 0.5 0.5 -0.440399 0.895712 -0.061225
-2.36744 3.04904 -0.347198 0.375 0.5 -0.440399 0.895712 -0.061225
0 3.43582 -2.50185 0.625 0.375 -0.182419 0.930782 -0.31681
0 3.37087 -2.69266 0.625 0.5 -0.182419 0.930782 -0.31681
-1.67403 3.27661 -2.00569 0.5 0.5 -0.182419 0.930782 -0.31681
1.5466 3.34873 -1.86717 0.75 0.375 0.182419 0.930781 -0.316811
1.67403 3.27661 -2.00569 0.75 0.5 0.182419 0.930781 -0.316811
0 3.37087 -2.69266 0.625 0.5 0.182419 0.930781 -0.316811
2.18723 3.13848 -0.334925 0.875 0.375 0.440399 0.895712 -0.061225
2.36744 3.04904 -0.347198 0.875 0.5 0.4404 0.895712 -0.061225
1.67403 3.27661 -2.00569 0.75 0.5 0.440399 0.895712 -0.061225
1.5466 2.92824 1.19732 1 0.375 0.4404 0.846116 0.300227
1.67403 2.82147 1.31129 1 0.5 0.4404 0.846116 0.300227
2.36744 3.04904 -0.347198 0.875 0.5 0.4404 0.846116 0.300227
0 3.0554 1.34339 0.125 0.25 0.112508 0.91001 0.399028
0 2.84115 1.832 0.125 0.375 0.112508 0.91001 0.399028
1.5466 2.92824 1.19732 0 0.375 0.112508 0.91001 0.399028
-1.18372 3.12205 0.85763 0.25 0.25 -0.112508 0.91001 0.399028
-1.5466 2.92824 1.19732 0.25 0.375 -0.112508 0.91001 0.399028
0 2.84115 1.832 0.125 0.375 -0.112508 0.91001 0.399028
-1.67403 3.28297 -0.3151 0.375 0.25 -0.271617 0.93164 0.241395
-2.18723 3.13848 -0.334925 0.375 0.375 -0.271617 0.93164 0.241395
-1.5466 2.92824 1.19732 0.25 0.375 -0.271617 0.93164 0.241395
-1.18372 3.44388 -1.48783 0.5 0.25 -0.271617 0.962228 0.018469
-1.5466 3.34873 -1.86717 0.5 0.375 -0.271617 0.962228 0.018469
-2.18723 3.13848 -0.334925 0.375 0.375 -0.271617 0.962228 0.018469
0 3.51054 -1.97359 0.625 0.25 -0.112507 0.983857 -0.139164
0 3.43582 -2.50185 0.625 0.375 -0.112507 0.983857 -0.139164
-1.5466 3.34873 -1.86717 0.5 0.375 -0.112507 0.983857 -0.139164
1.18372 3.44388 -1.48783 0.75 0.25 0.112507 0.983857 -0.139164
1.5466 3.34873 -1.86717 0.75 0.375 0.112507 0.983858 -0.139164
0 3.43582 -2.50185 0.625 0.375 0.112507 0.983857 -0.139164
1.67403 3.28297 -0.3151 0.875 0.25 0.271617 0.962228 0.018469
2.18723 3.13848 -0.334925 0.875 0.375 0.271617 0.962228 0.018469
1.5466 3.34873 -1.86717 0.75 0.375 0.271617 0.962228 0.018469
1.18372 3.12205 0.85763 1 0.25 0.271617 0.93164 0.241395
1.5466 2.92824 1.19732 1 0.375 0.271617 0.93164 0.241395
2.18723 3.13848 -0.334925 0.875 0.375 0.271617 0.93164 0.241395
0 3.26109 0.596366 0.125 0.125 0.054569 0.962684 0.26507
0 3.0554 1.34339 0.125 0.25 0.054569 0.962684 0.26507
1.18372 3.12205 0.85763 0 0.25 0.054569 0.962684 0.26507
-0.640624 3.29716 0.333474 0.25 0.125 -0.054569 0.962684 0.26507
-1.18372 3.12205 0.85763 0.25 0.25 -0.054569 0.962684 0.26507
0 3.0554 1.34339 0.125 0.25 -0.054569 0.962684 0.26507
-0.905979 3.38425 -0.301203 0.375 0.125 -0.131742 0.973175 0.188614
-1.67403 3.28297 -0.3151 0.375 0.25 -0.131742 0.973175 0.188614
-1.18372 3.12205 0.85763 0.25 0.25 -0.131742 0.973175 0.188614
-0.640624 3.47133 -0.93588 0.5 0.125 -0.131742 0.988011 0.080488
-1.18372 3.44388 -1.48783 0.5 0.25 -0.131742 0.988011 0.080488
-1.67403 3.28297 -0.3151 0.375 0.25 -0.131742 0.988011 0.080488
0 3.50741 -1.19877 0.625 0.125 -0.054569 0.998502 0.004032
0 3.51054 -1.97359 0.625 0.25 -0.054569 0.998502 0.004032
-1.18372 3.44388 -1.48783 0.5 0.25 -0.054569 0.998502 0.004032
0.640624 3.47133 -0.93588 0.75 0.125 0.054569 0.998502 0.004032
1.18372 3.44388 -1.48783 0.75 0.25 0.054569 0.998502 0.004032
0 3.51054 -1.97359 0.625 0.25 0.054569 0.998502 0.004032
0.905979 3.38425 -0.301203 0.875 0.125 0.131742 0.988011 0.080488
1.67403 3.28297 -0.3151 0.875 0.25 0.131742 0.988011 0.080488
1.18372 3.44388 -1.48783 0.75 0.25 0.131742 0.988011 0.080488
0.640624 3.29716 0.333474 1 0.125 0.131742 0.973175 0.188613
1.18372 3.12205 0.85763 1 0.25 0.131742 0.973175 0.188613
1.67403 3.28297 -0.3151 0.875 0.25 0.131742 0.973175 0.188613
0 3.41981 -0.296323 0.0625 0 0.016398 0.984426 0.175035
0 3.26109 0.596366 0.125 0.125 0.016398 0.984426 0.175035
0.640624 3.29716 0.333474 0 0.125 0.016398 0.984426 0.175035
0 3.41981 -0.296323 0.1875 0 -0.016398 0.984426 0.175035
-0.640624 3.29716 0.333474 0.25 0.125 -0.016398 0.984426 0.175035
0 3.26109 0.596366 0.125 0.125 -0.016398 0.984426 0.175035
0 3.41981 -0.296323 0.3125 0 -0.039587 0.987578 0.152061
-0.905979 3.38425 -0.301203 0.375 0.125 -0.039587 0.987578 0.152061
-0.640624 3.29716 0.333474 0.25 0.125 -0.039587 0.987578 0.152061
0 3.41981 -0.296323 0.4375 0 -0.039587 0.992036 0.11957
-0.640624 3.47133 -0.93588 0.5 0.125 -0.039587 0.992036 0.11957
-0.905979 3.38425 -0.301203 0.375 0.125 -0.039587 0.992036 0.11957
0 3.41981 -0.296323 0.5625 0 -0.016398 0.995189 0.096595
0 3.50741 -1.19877 0.625 0.125 -0.016398 0.995189 0.096595
-0.640624 3.47133 -0.93588 0.5 0.125 -0.016398 0.995189 0.096595
0 3.41981 -0.296323 0.6875 0 0.016398 0.995189 0.096595
0.640624 3.47133 -0.93588 0.75 0.125 0.016398 0.995189 0.096595
0 3.50741 -1.19877 0.625 0.125 0.016398 0.995189 0.096595
0 3.41981 -0.296323 0.8125 0 0.039587 0.992036 0.11957
0.905979 3.38425 -0.301203 0.875 0.125 0.039587 0.992036 0.11957
0.640624 3.47133 -0.93588 0.75 0.125 0.039587 0.992036 0.11957
0 3.41981 -0.296323 0.9375 0 0.039587 0.987578 0.152061
0.640624 3.29716 0.333474 1 0.125 0.039587 0.987578 0.152061
0.905979 3.38425 -0.301203 0.875 0.125 0.039587 0.987578 0.152061
