Vertex Count:912

Data:

2.84826 -3.75661 1.64444 -0.049447 0.833333 0.075118 -0.994341 0.075118
0.851227 -3.92032 1.47437 0.033886 0.916667 0.075118 -0.994341 0.075118
1.47437 -3.92032 0.851227 -0.049447 0.916667 0.075118 -0.994341 0.075118
1.64444 -3.75661 2.84826 0.033886 0.833333 0.075118 -0.994341 0.075118
0.851227 -3.92032 1.47437 0.033886 0.916667 0.075118 -0.994341 0.075118
2.84826 -3.75661 1.64444 -0.049447 0.833333 0.075118 -0.994341 0.075118
1.64444 -3.75661 2.84826 0.033886 0.833333 0.027495 -0.994341 0.102613
0 -3.92032 1.70245 0.11722 0.916667 0.027495 -0.994341 0.102613
0.851227 -3.92032 1.47437 0.033886 0.916667 0.027495 -0.994341 0.102613
0 -3.75661 3.28889 0.11722 0.833333 0.027495 -0.994341 0.102613
0 -3.92032 1.70245 0.11722 0.916667 0.027495 -0.994341 0.102613
1.64444 -3.75661 2.84826 0.033886 0.833333 0.027495 -0.994341 0.102613
0 -3.75661 3.28889 0.11722 0.833333 -0.027495 -0.994341 0.102613
-0.851227 -3.92032 1.47437 0.200553 0.916667 -0.027495 -0.994341 0.102613
0 -3.92032 1.70245 0.11722 0.916667 -0.027495 -0.994341 0.102613
-1.64444 -3.75661 2.84826 0.200553 0.833333 -0.027495 -0.994341 0.102613
-0.851227 -3.92032 1.47437 0.200553 0.916667 -0.027495 -0.994341 0.102613
0 -3.75661 3.28889 0.11722 0.833333 -0.027495 -0.994341 0.102613
-1.64444 -3.75661 2.84826 0.200553 0.833333 -0.075118 -0.994341 0.075118
-1.47437 -3.92032 0.851227 0.283886 0.916667 -0.075118 -0.994341 0.075118
-0.851227 -3.92032 1.47437 0.200553 0.916667 -0.075118 -0.994341 0.075118
-2.84826 -3.75661 1.64444 0.283886 0.833333 -0.075118 -0.994341 0.075118
-1.47437 -3.92032 0.851227 0.283886 0.916667 -0.075118 -0.994341 0.075118
-1.64444 -3.75661 2.84826 0.200553 0.833333 -0.075118 -0.994341 0.075118
-2.84826 -3.75661 1.64444 0.283886 0.833333 -0.102613 -0.994341 0.027495
-1.70245 -3.92032 -0 0.36722 0.916667 -0.102613 -0.994341 0.027495
-1.47437 -3.92032 0.851227 0.283886 0.916667 -0.102613 -0.994341 0.027494
-3.28889 -3.75661 -0 0.36722 0.833333 -0.102613 -0.994341 0.027495
-1.70245 -3.92032 -0 0.36722 0.916667 -0.102613 -0.994341 0.027495
-2.84826 -3.75661 1.64444 0.283886 0.833333 -0.102613 -0.994341 0.027495
-3.28889 -3.75661 -0 0.36722 0.833333 -0.102613 -0.994341 -0.027495
-1.47437 -3.92032 -0.851227 0.450553 0.916667 -0.102613 -0.994341 -0.027495
-1.70245 -3.92032 -0 0.36722 0.916667 -0.102613 -0.994341 -0.027495
-2.84826 -3.75661 -1.64444 0.450553 0.833333 -0.102613 -0.994341 -0.027495
-1.47437 -3.92032 -0.851227 0.450553 0.916667 -0.102613 -0.994341 -0.027495
-3.28889 -3.75661 -0 0.36722 0.833333 -0.102613 -0.994341 -0.027495
-2.84826 -3.75661 -1.64444 0.450553 0.833333 -0.075118 -0.994341 -0.075118
-0.851227 -3.92032 -1.47437 0.533886 0.916667 -0.075118 -0.994341 -0.075118
-1.47437 -3.92032 -0.851227 0.450553 0.916667 -0.075118 -0.994341 -0.075118
-1.64444 -3.75661 -2.84826 0.533886 0.833333 -0.075118 -0.994341 -0.075118
-0.851227 -3.92032 -1.47437 0.533886 0.916667 -0.075118 -0.994341 -0.075118
-2.84826 -3.75661 -1.64444 0.450553 0.833333 -0.075118 -0.994341 -0.075118
-1.64444 -3.75661 -2.84826 0.533886 0.833333 -0.027495 -0.994341 -0.102613
0 -3.92032 -1.70245 0.61722 0.916667 -0.027495 -0.994341 -0.102613
-0.851227 -3.92032 -1.47437 0.533886 0.916667 -0.027495 -0.994341 -0.102613
0 -3.75661 -3.28889 0.61722 0.833333 -0.027495 -0.994341 -0.102613
0 -3.92032 -1.70245 0.61722 0.916667 -0.027495 -0.994341 -0.102613
-1.64444 -3.75661 -2.84826 0.533886 0.833333 -0.027495 -0.994341 -0.102613
0 -3.75661 -3.28889 0.61722 0.833333 0.027495 -0.994341 -0.102613
0.851227 -3.92032 -1.47437 0.700553 0.916667 0.027495 -0.994341 -0.102613
0 -3.92032 -1.70245 0.61722 0.916667 0.027495 -0.994341 -0.102613
1.64444 -3.75661 -2.84826 0.700553 0.833333 0.027495 -0.994341 -0.102613
0.851227 -3.92032 -1.47437 0.700553 0.916667 0.027495 -0.994341 -0.102613
0 -3.75661 -3.28889 0.61722 0.833333 0.027495 -0.994341 -0.102613
1.64444 -3.75661 -2.84826 0.700553 0.833333 0.075118 -0.994341 -0.075118
1.47437 -3.92032 -0.851227 0.783886 0.916667 0.075118 -0.994341 -0.075118
0.851227 -3.92032 -1.47437 0.700553 0.916667 0.075118 -0.994341 -0.075118
2.84826 -3.75661 -1.64444 0.783886 0.833333 0.075118 -0.994341 -0.075118
1.47437 -3.92032 -0.851227 0.783886 0.916667 0.075118 -0.994341 -0.075118
1.64444 -3.75661 -2.84826 0.700553 0.833333 0.075118 -0.994341 -0.075118
2.84826 -3.75661 -1.64444 0.783886 0.833333 0.102613 -0.994341 -0.027495
1.70245 -3.92032 -0 0.86722 0.916667 0.102613 -0.994341 -0.027495
1.47437 -3.92032 -0.851227 0.783886 0.916667 0.102613 -0.994341 -0.027494
3.28889 -3.75661 -0 0.86722 0.833333 0.102613 -0.994341 -0.027495
1.70245 -3.92032 -0 0.86722 0.916667 0.102613 -0.994341 -0.027495
2.84826 -3.75661 -1.64444 0.783886 0.833333 0.102613 -0.994341 -0.027495
3.28889 -3.75661 -0 0.86722 0.833333 0.102613 -0.994341 0.027495
1.47437 -3.92032 0.851227 0.950553 0.916667 0.102613 -0.994341 0.027495
1.70245 -3.92032 -0 0.86722 0.916667 0.102613 -0.994341 0.027495
2.84826 -3.75661 1.64444 0.950553 0.833333 0.102613 -0.994341 0.027495
1.47437 -3.92032 0.851227 0.950553 0.916667 0.102613 -0.994341 0.027495
3.28889 -3.75661 -0 0.86722 0.833333 0.102613 -0.994341 0.027495
3.48003 -3.34622 2.00919 -0.049447 0.75 0.355866 -0.864129 0.355866
1.64444 -3.75661 2.84826 0.033886 0.833333 0.355866 -0.864129 0.355866
2.84826 -3.75661 1.64444 -0.049447 0.833333 0.355866 -0.864129 0.355867
2.00919 -3.34622 3.48003 0.033886 0.75 0.355866 -0.864129 0.355866
1.64444 -3.75661 2.84826 0.033886 0.833333 0.355866 -0.864129 0.355866
3.48003 -3.34622 2.00919 -0.049447 0.75 0.355866 -0.864129 0.355866
2.00919 -3.34622 3.48003 0.033886 0.75 0.130256 -0.864129 0.486122
0 -3.75661 3.28889 0.11722 0.833333 0.130256 -0.864129 0.486122
1.64444 -3.75661 2.84826 0.033886 0.833333 0.130256 -0.864129 0.486123
0 -3.34622 4.01839 0.11722 0.75 0.130256 -0.864129 0.486122
0 -3.75661 3.28889 0.11722 0.833333 0.130256 -0.864129 0.486122
2.00919 -3.34622 3.48003 0.033886 0.75 0.130256 -0.864129 0.486122
0 -3.34622 4.01839 0.11722 0.75 -0.130256 -0.864129 0.486122
-1.64444 -3.75661 2.84826 0.200553 0.833333 -0.130256 -0.864129 0.486122
0 -3.75661 3.28889 0.11722 0.833333 -0.130256 -0.864129 0.486123
-2.00919 -3.34622 3.48003 0.200553 0.75 -0.130256 -0.864129 0.486122
-1.64444 -3.75661 2.84826 0.200553 0.833333 -0.130256 -0.864129 0.486122
0 -3.34622 4.01839 0.11722 0.75 -0.130256 -0.864129 0.486122
-2.00919 -3.34622 3.48003 0.200553 0.75 -0.355866 -0.864129 0.355866
-2.84826 -3.75661 1.64444 0.283886 0.833333 -0.355866 -0.864129 0.355866
-1.64444 -3.75661 2.84826 0.200553 0.833333 -0.355866 -0.864129 0.355866
-3.48003 -3.34622 2.00919 0.283886 0.75 -0.355866 -0.864129 0.355866
-2.84826 -3.75661 1.64444 0.283886 0.833333 -0.355866 -0.864129 0.355866
-2.00919 -3.34622 3.48003 0.200553 0.75 -0.355866 -0.864129 0.355866
-3.48003 -3.34622 2.00919 0.283886 0.75 -0.486122 -0.864129 0.130256
-3.28889 -3.75661 -0 0.36722 0.833333 -0.486122 -0.864129 0.130256
-2.84826 -3.75661 1.64444 0.283886 0.833333 -0.486122 -0.864129 0.130256
-4.01839 -3.34622 -0 0.36722 0.75 -0.486122 -0.864129 0.130256
-3.28889 -3.75661 -0 0.36722 0.833333 -0.486122 -0.864129 0.130256
-3.48003 -3.34622 2.00919 0.283886 0.75 -0.486122 -0.864129 0.130256
-4.01839 -3.34622 -0 0.36722 0.75 -0.486122 -0.864129 -0.130256
-2.84826 -3.75661 -1.64444 0.450553 0.833333 -0.486122 -0.864129 -0.130256
-3.28889 -3.75661 -0 0.36722 0.833333 -0.486122 -0.864129 -0.130256
-3.48003 -3.34622 -2.00919 0.450553 0.75 -0.486122 -0.864129 -0.130256
-2.84826 -3.75661 -1.64444 0.450553 0.833333 -0.486122 -0.864129 -0.130256
-4.01839 -3.34622 -0 0.36722 0.75 -0.486122 -0.864129 -0.130256
-3.48003 -3.34622 -2.00919 0.450553 0.75 -0.355866 -0.864129 -0.355866
-1.64444 -3.75661 -2.84826 0.533886 0.833333 -0.355866 -0.864129 -0.355866
-2.84826 -3.75661 -1.64444 0.450553 0.833333 -0.355866 -0.864129 -0.355867
-2.00919 -3.34622 -3.48003 0.533886 0.75 -0.355866 -0.864129 -0.355866
-1.64444 -3.75661 -2.84826 0.533886 0.833333 -0.355866 -0.864129 -0.355866
-3.48003 -3.34622 -2.00919 0.450553 0.75 -0.355866 -0.864129 -0.355866
-2.00919 -3.34622 -3.48003 0.533886 0.75 -0.130256 -0.864129 -0.486122
0 -3.75661 -3.28889 0.61722 0.833333 -0.130256 -0.864129 -0.486122
-1.64444 -3.75661 -2.84826 0.533886 0.833333 -0.130256 -0.864129 -0.486123
0 -3.34622 -4.01839 0.61722 0.75 -0.130256 -0.864129 -0.486122
0 -3.75661 -3.28889 0.61722 0.833333 -0.130256 -0.864129 -0.486122
-2.00919 -3.34622 -3.48003 0.533886 0.75 -0.130256 -0.864129 -0.486122
0 -3.34622 -4.01839 0.61722 0.75 0.130256 -0.864129 -0.486122
1.64444 -3.75661 -2.84826 0.700553 0.833333 0.130256 -0.864129 -0.486122
0 -3.75661 -3.28889 0.61722 0.833333 0.130256 -0.864129 -0.486123
2.00919 -3.34622 -3.48003 0.700553 0.75 0.130256 -0.864129 -0.486122
1.64444 -3.75661 -2.84826 0.700553 0.833333 0.130256 -0.864129 -0.486122
0 -3.34622 -4.01839 0.61722 0.75 0.130256 -0.864129 -0.486122
2.00919 -3.34622 -3.48003 0.700553 0.75 0.355866 -0.864129 -0.355866
2.84826 -3.75661 -1.64444 0.783886 0.833333 0.355866 -0.864129 -0.355866
1.64444 -3.75661 -2.84826 0.700553 0.833333 0.355866 -0.864129 -0.355866
3.48003 -3.34622 -2.00919 0.783886 0.75 0.355866 -0.864129 -0.355866
2.84826 -3.75661 -1.64444 0.783886 0.833333 0.355866 -0.864129 -0.355866
2.00919 -3.34622 -3.48003 0.700553 0.75 0.355866 -0.864129 -0.355866
3.48003 -3.34622 -2.00919 0.783886 0.75 0.486122 -0.864129 -0.130256
3.28889 -3.75661 -0 0.86722 0.833333 0.486122 -0.864129 -0.130256
2.84826 -3.75661 -1.64444 0.783886 0.833333 0.486122 -0.864129 -0.130256
4.01839 -3.34622 -0 0.86722 0.75 0.486122 -0.864129 -0.130256
3.28889 -3.75661 -0 0.86722 0.833333 0.486122 -0.864129 -0.130256
3.48003 -3.34622 -2.00919 0.783886 0.75 0.486122 -0.864129 -0.130256
4.01839 -3.34622 -0 0.86722 0.75 0.486122 -0.864129 0.130256
2.84826 -3.75661 1.64444 0.950553 0.833333 0.486122 -0.864129 0.130256
3.28889 -3.75661 -0 0.86722 0.833333 0.486122 -0.864129 0.130256
3.48003 -3.34622 2.00919 0.950553 0.75 0.486122 -0.864129 0.130256
2.84826 -3.75661 1.64444 0.950553 0.833333 0.486122 -0.864129 0.130256
4.01839 -3.34622 -0 0.86722 0.75 0.486122 -0.864129 0.130256
3.99576 -2.55504 2.30695 -0.049447 0.666667 0.571923 -0.588054 0.571923
2.00919 -3.34622 3.48003 0.033886 0.75 0.571923 -0.588054 0.571923
3.48003 -3.34622 2.00919 -0.049447 0.75 0.571923 -0.588054 0.571923
2.30695 -2.55504 3.99576 0.033886 0.666667 0.571923 -0.588054 0.571923
2.00919 -3.34622 3.48003 0.033886 0.75 0.571923 -0.588054 0.571923
3.99576 -2.55504 2.30695 -0.049447 0.666667 0.571923 -0.588054 0.571923
2.30695 -2.55504 3.99576 0.033886 0.666667 0.209338 -0.588054 0.781262
0 -3.34622 4.01839 0.11722 0.75 0.209338 -0.588054 0.781262
2.00919 -3.34622 3.48003 0.033886 0.75 0.209339 -0.588054 0.781262
0 -2.55504 4.61391 0.11722 0.666667 0.209338 -0.588054 0.781262
0 -3.34622 4.01839 0.11722 0.75 0.209338 -0.588054 0.781262
2.30695 -2.55504 3.99576 0.033886 0.666667 0.209338 -0.588054 0.781262
0 -2.55504 4.61391 0.11722 0.666667 -0.209338 -0.588054 0.781262
-2.00919 -3.34622 3.48003 0.200553 0.75 -0.209338 -0.588054 0.781262
0 -3.34622 4.01839 0.11722 0.75 -0.209338 -0.588054 0.781262
-2.30695 -2.55504 3.99576 0.200553 0.666667 -0.209339 -0.588054 0.781262
-2.00919 -3.34622 3.48003 0.200553 0.75 -0.209338 -0.588054 0.781262
0 -2.55504 4.61391 0.11722 0.666667 -0.209338 -0.588054 0.781262
-2.30695 -2.55504 3.99576 0.200553 0.666667 -0.571923 -0.588054 0.571923
-3.48003 -3.34622 2.00919 0.283886 0.75 -0.571923 -0.588054 0.571923
-2.00919 -3.34622 3.48003 0.200553 0.75 -0.571923 -0.588054 0.571923
-3.99576 -2.55504 2.30695 0.283886 0.666667 -0.571923 -0.588055 0.571923
-3.48003 -3.34622 2.00919 0.283886 0.75 -0.571923 -0.588054 0.571923
-2.30695 -2.55504 3.99576 0.200553 0.666667 -0.571923 -0.588054 0.571923
-3.99576 -2.55504 2.30695 0.283886 0.666667 -0.781262 -0.588054 0.209338
-4.01839 -3.34622 -0 0.36722 0.75 -0.781262 -0.588054 0.209338
-3.48003 -3.34622 2.00919 0.283886 0.75 -0.781262 -0.588054 0.209338
-4.61391 -2.55504 -0 0.36722 0.666667 -0.781262 -0.588054 0.209338
-4.01839 -3.34622 -0 0.36722 0.75 -0.781262 -0.588054 0.209338
-3.99576 -2.55504 2.30695 0.283886 0.666667 -0.781262 -0.588054 0.209338
-4.61391 -2.55504 -0 0.36722 0.666667 -0.781262 -0.588054 -0.209338
-3.48003 -3.34622 -2.00919 0.450553 0.75 -0.781262 -0.588054 -0.209338
-4.01839 -3.34622 -0 0.36722 0.75 -0.781262 -0.588055 -0.209338
-3.99576 -2.55504 -2.30695 0.450553 0.666667 -0.781262 -0.588054 -0.209339
-3.48003 -3.34622 -2.00919 0.450553 0.75 -0.781262 -0.588054 -0.209338
-4.61391 -2.55504 -0 0.36722 0.666667 -0.781262 -0.588054 -0.209338
-3.99576 -2.55504 -2.30695 0.450553 0.666667 -0.571923 -0.588054 -0.571923
-2.00919 -3.34622 -3.48003 0.533886 0.75 -0.571923 -0.588054 -0.571923
-3.48003 -3.34622 -2.00919 0.450553 0.75 -0.571923 -0.588054 -0.571923
-2.30695 -2.55504 -3.99576 0.533886 0.666667 -0.571923 -0.588054 -0.571923
-2.00919 -3.34622 -3.48003 0.533886 0.75 -0.571923 -0.588054 -0.571923
-3.99576 -2.55504 -2.30695 0.450553 0.666667 -0.571923 -0.588054 -0.571923
-2.30695 -2.55504 -3.99576 0.533886 0.666667 -0.209338 -0.588054 -0.781262
0 -3.34622 -4.01839 0.61722 0.75 -0.209338 -0.588054 -0.781262
-2.00919 -3.34622 -3.48003 0.533886 0.75 -0.209339 -0.588054 -0.781262
0 -2.55504 -4.61391 0.61722 0.666667 -0.209338 -0.588054 -0.781262
0 -3.34622 -4.01839 0.61722 0.75 -0.209338 -0.588054 -0.781262
-2.30695 -2.55504 -3.99576 0.533886 0.666667 -0.209338 -0.588054 -0.781262
0 -2.55504 -4.61391 0.61722 0.666667 0.209338 -0.588054 -0.781262
2.00919 -3.34622 -3.48003 0.700553 0.75 0.209338 -0.588054 -0.781262
0 -3.34622 -4.01839 0.61722 0.75 0.209338 -0.588054 -0.781262
2.30695 -2.55504 -3.99576 0.700553 0.666667 0.209339 -0.588054 -0.781262
2.00919 -3.34622 -3.48003 0.700553 0.75 0.209338 -0.588054 -0.781262
0 -2.55504 -4.61391 0.61722 0.666667 0.209338 -0.588054 -0.781262
2.30695 -2.55504 -3.99576 0.700553 0.666667 0.571923 -0.588054 -0.571923
3.48003 -3.34622 -2.00919 0.783886 0.75 0.571923 -0.588054 -0.571923
2.00919 -3.34622 -3.48003 0.700553 0.75 0.571923 -0.588054 -0.571923
3.99576 -2.55504 -2.30695 0.783886 0.666667 0.571923 -0.588055 -0.571923
3.48003 -3.34622 -2.00919 0.783886 0.75 0.571923 -0.588054 -0.571923
2.30695 -2.55504 -3.99576 0.700553 0.666667 0.571923 -0.588054 -0.571923
3.99576 -2.55504 -2.30695 0.783886 0.666667 0.781262 -0.588054 -0.209338
4.01839 -3.34622 -0 0.86722 0.75 0.781262 -0.588054 -0.209338
3.48003 -3.34622 -2.00919 0.783886 0.75 0.781262 -0.588054 -0.209338
4.61391 -2.55504 -0 0.86722 0.666667 0.781262 -0.588054 -0.209338
4.01839 -3.34622 -0 0.86722 0.75 0.781262 -0.588054 -0.209338
3.99576 -2.55504 -2.30695 0.783886 0.666667 0.781262 -0.588054 -0.209338
4.61391 -2.55504 -0 0.86722 0.666667 0.781262 -0.588054 0.209338
3.48003 -3.34622 2.00919 0.950553 0.75 0.781262 -0.588054 0.209338
4.01839 -3.34622 -0 0.86722 0.75 0.781262 -0.588055 0.209338
3.99576 -2.55504 2.30695 0.950553 0.666667 0.781262 -0.588054 0.209339
3.48003 -3.34622 2.00919 0.950553 0.75 0.781262 -0.588054 0.209338
4.61391 -2.55504 -0 0.86722 0.666667 0.781262 -0.588054 0.209338
4.32303 -1.61152 2.4959 -0.049447 0.583333 0.659475 -0.360813 0.659475
2.30695 -2.55504 3.99576 0.033886 0.666667 0.659475 -0.360813 0.659475
3.99576 -2.55504 2.30695 -0.049447 0.666667 0.659475 -0.360813 0.659475
2.4959 -1.61152 4.32303 0.033886 0.583333 0.659475 -0.360813 0.659475
2.30695 -2.55504 3.99576 0.033886 0.666667 0.659475 -0.360813 0.659475
4.32303 -1.61152 2.4959 -0.049447 0.583333 0.659475 -0.360813 0.659475
2.4959 -1.61152 4.32303 0.033886 0.583333 0.241385 -0.360813 0.900859
0 -2.55504 4.61391 0.11722 0.666667 0.241385 -0.360813 0.900859
2.30695 -2.55504 3.99576 0.033886 0.666667 0.241385 -0.360813 0.900859
0 -1.61152 4.99181 0.11722 0.583333 0.241385 -0.360813 0.900859
0 -2.55504 4.61391 0.11722 0.666667 0.241385 -0.360813 0.900859
2.4959 -1.61152 4.32303 0.033886 0.583333 0.241385 -0.360813 0.900859
0 -1.61152 4.99181 0.11722 0.583333 -0.241385 -0.360813 0.900859
-2.30695 -2.55504 3.99576 0.200553 0.666667 -0.241385 -0.360813 0.900859
0 -2.55504 4.61391 0.11722 0.666667 -0.241385 -0.360813 0.900859
-2.4959 -1.61152 4.32303 0.200553 0.583333 -0.241385 -0.360813 0.900859
-2.30695 -2.55504 3.99576 0.200553 0.666667 -0.241385 -0.360813 0.900859
0 -1.61152 4.99181 0.11722 0.583333 -0.241385 -0.360813 0.900859
-2.4959 -1.61152 4.32303 0.200553 0.583333 -0.659475 -0.360813 0.659475
-3.99576 -2.55504 2.30695 0.283886 0.666667 -0.659475 -0.360813 0.659475
-2.30695 -2.55504 3.99576 0.200553 0.666667 -0.659474 -0.360813 0.659475
-4.32303 -1.61152 2.4959 0.283886 0.583333 -0.659475 -0.360813 0.659475
-3.99576 -2.55504 2.30695 0.283886 0.666667 -0.659475 -0.360813 0.659475
-2.4959 -1.61152 4.32303 0.200553 0.583333 -0.659475 -0.360813 0.659475
-4.32303 -1.61152 2.4959 0.283886 0.583333 -0.900859 -0.360814 0.241384
-4.61391 -2.55504 -0 0.36722 0.666667 -0.900859 -0.360813 0.241384
-3.99576 -2.55504 2.30695 0.283886 0.666667 -0.900859 -0.360814 0.241384
-4.99181 -1.61152 -0 0.36722 0.583333 -0.900859 -0.360813 0.241384
-4.61391 -2.55504 -0 0.36722 0.666667 -0.900859 -0.360813 0.241384
-4.32303 -1.61152 2.4959 0.283886 0.583333 -0.900859 -0.360814 0.241384
-4.99181 -1.61152 -0 0.36722 0.583333 -0.900859 -0.360814 -0.241384
-3.99576 -2.55504 -2.30695 0.450553 0.666667 -0.900859 -0.360814 -0.241384
-4.61391 -2.55504 -0 0.36722 0.666667 -0.900859 -0.360814 -0.241385
-4.32303 -1.61152 -2.4959 0.450553 0.583333 -0.900859 -0.360814 -0.241384
-3.99576 -2.55504 -2.30695 0.450553 0.666667 -0.900859 -0.360814 -0.241384
-4.99181 -1.61152 -0 0.36722 0.583333 -0.900859 -0.360814 -0.241384
-4.32303 -1.61152 -2.4959 0.450553 0.583333 -0.659475 -0.360813 -0.659475
-2.30695 -2.55504 -3.99576 0.533886 0.666667 -0.659475 -0.360813 -0.659475
-3.99576 -2.55504 -2.30695 0.450553 0.666667 -0.659475 -0.360813 -0.659475
-2.4959 -1.61152 -4.32303 0.533886 0.583333 -0.659475 -0.360813 -0.659475
-2.30695 -2.55504 -3.99576 0.533886 0.666667 -0.659475 -0.360813 -0.659475
-4.32303 -1.61152 -2.4959 0.450553 0.583333 -0.659475 -0.360813 -0.659475
-2.4959 -1.61152 -4.32303 0.533886 0.583333 -0.241385 -0.360813 -0.900859
0 -2.55504 -4.61391 0.61722 0.666667 -0.241385 -0.360813 -0.900859
-2.30695 -2.55504 -3.99576 0.533886 0.666667 -0.241385 -0.360813 -0.900859
0 -1.61152 -4.99181 0.61722 0.583333 -0.241385 -0.360813 -0.900859
0 -2.55504 -4.61391 0.61722 0.666667 -0.241385 -0.360813 -0.900859
-2.4959 -1.61152 -4.32303 0.533886 0.583333 -0.241385 -0.360813 -0.900859
0 -1.61152 -4.99181 0.61722 0.583333 0.241385 -0.360813 -0.900859
2.30695 -2.55504 -3.99576 0.700553 0.666667 0.241385 -0.360813 -0.900859
0 -2.55504 -4.61391 0.61722 0.666667 0.241385 -0.360813 -0.900859
2.4959 -1.61152 -4.32303 0.700553 0.583333 0.241385 -0.360813 -0.900859
2.30695 -2.55504 -3.99576 0.700553 0.666667 0.241385 -0.360813 -0.900859
0 -1.61152 -4.99181 0.61722 0.583333 0.241385 -0.360813 -0.900859
2.4959 -1.61152 -4.32303 0.700553 0.583333 0.659475 -0.360813 -0.659475
3.99576 -2.55504 -2.30695 0.783886 0.666667 0.659475 -0.360813 -0.659475
2.30695 -2.55504 -3.99576 0.700553 0.666667 0.659474 -0.360813 -0.659475
4.32303 -1.61152 -2.4959 0.783886 0.583333 0.659475 -0.360813 -0.659475
3.99576 -2.55504 -2.30695 0.783886 0.666667 0.659475 -0.360813 -0.659475
2.4959 -1.61152 -4.32303 0.700553 0.583333 0.659475 -0.360813 -0.659475
4.32303 -1.61152 -2.4959 0.783886 0.583333 0.900859 -0.360814 -0.241384
4.61391 -2.55504 -0 0.86722 0.666667 0.900859 -0.360813 -0.241384
3.99576 -2.55504 -2.30695 0.783886 0.666667 0.900859 -0.360814 -0.241384
4.99181 -1.61152 -0 0.86722 0.583333 0.900859 -0.360813 -0.241384
4.61391 -2.55504 -0 0.86722 0.666667 0.900859 -0.360813 -0.241384
4.32303 -1.61152 -2.4959 0.783886 0.583333 0.900859 -0.360814 -0.241384
4.99181 -1.61152 -0 0.86722 0.583333 0.900859 -0.360814 0.241384
3.99576 -2.55504 2.30695 0.950553 0.666667 0.900859 -0.360814 0.241384
4.61391 -2.55504 -0 0.86722 0.666667 0.900859 -0.360814 0.241385
4.32303 -1.61152 2.4959 0.950553 0.583333 0.900859 -0.360814 0.241384
3.99576 -2.55504 2.30695 0.950553 0.666667 0.900859 -0.360814 0.241384
4.99181 -1.61152 -0 0.86722 0.583333 0.900859 -0.360814 0.241384
2.53609 -0.317423 4.35181 0.033886 0.5 0.706605 -0.037657 0.706605
2.4959 -1.61152 4.32303 0.033886 0.583333 0.706605 -0.037657 0.706605
4.39264 -0.317423 2.49526 -0.049447 0.5 0.706605 -0.037657 0.706605
0 -0.317423 5.03135 0.11722 0.5 0.258706 -0.029503 0.965505
0 -1.61152 4.99181 0.11722 0.583333 0.258706 -0.029503 0.965505
2.53609 -0.317423 4.35181 0.033886 0.5 0.258706 -0.029503 0.965505
0 -0.317423 5.03135 0.11722 0.5 -0.258706 -0.029503 0.965505
-2.4959 -1.61152 4.32303 0.200553 0.583333 -0.258706 -0.029503 0.965505
0 -1.61152 4.99181 0.11722 0.583333 -0.258706 -0.029503 0.965505
-2.53609 -0.317423 4.35181 0.200553 0.5 -0.258706 -0.029503 0.965505
-2.4959 -1.61152 4.32303 0.200553 0.583333 -0.258706 -0.029503 0.965505
0 -0.317423 5.03135 0.11722 0.5 -0.258706 -0.029503 0.965505
-2.53609 -0.317423 4.35181 0.200553 0.5 -0.706605 -0.037657 0.706605
-4.32303 -1.61152 2.4959 0.283886 0.583333 -0.706605 -0.037657 0.706605
-2.4959 -1.61152 4.32303 0.200553 0.583333 -0.706605 -0.037657 0.706605
-4.39264 -0.317423 2.49526 0.283886 0.5 -0.706605 -0.037657 0.706605
-4.32303 -1.61152 2.4959 0.283886 0.583333 -0.706605 -0.037657 0.706605
-2.53609 -0.317423 4.35181 0.200553 0.5 -0.706605 -0.037657 0.706605
-4.39264 -0.317423 2.49526 0.283886 0.5 -0.964631 -0.051761 0.258472
-4.99181 -1.61152 -0 0.36722 0.583333 -0.964631 -0.051761 0.258472
-4.32303 -1.61152 2.4959 0.283886 0.583333 -0.964631 -0.051761 0.258472
-5.07219 -0.317423 -0.040837 0.36722 0.5 -0.964631 -0.05176 0.258472
-4.99181 -1.61152 -0 0.36722 0.583333 -0.964631 -0.051761 0.258472
-4.39264 -0.317423 2.49526 0.283886 0.5 -0.964631 -0.051761 0.258472
-5.07219 -0.317423 -0.040837 0.36722 0.5 -0.96369 -0.068007 -0.25822
-4.32303 -1.61152 -2.4959 0.450553 0.583333 -0.96369 -0.068007 -0.25822
-4.99181 -1.61152 -0 0.36722 0.583333 -0.96369 -0.068007 -0.25822
-4.39264 -0.317423 -2.57693 0.450553 0.5 -0.96369 -0.068007 -0.25822
-4.32303 -1.61152 -2.4959 0.450553 0.583333 -0.96369 -0.068007 -0.25822
-5.07219 -0.317423 -0.040837 0.36722 0.5 -0.96369 -0.068007 -0.25822
-4.39264 -0.317423 -2.57693 0.450553 0.5 -0.704724 -0.082034 -0.704724
-2.4959 -1.61152 -4.32303 0.533886 0.583333 -0.704724 -0.082034 -0.704724
-4.32303 -1.61152 -2.4959 0.450553 0.583333 -0.704724 -0.082034 -0.704724
-2.53609 -0.317423 -4.43348 0.533886 0.5 -0.704724 -0.082034 -0.704724
-2.4959 -1.61152 -4.32303 0.533886 0.583333 -0.704724 -0.082034 -0.704724
-4.39264 -0.317423 -2.57693 0.450553 0.5 -0.704724 -0.082034 -0.704724
-2.53609 -0.317423 -4.43348 0.533886 0.5 -0.257766 -0.09011 -0.961996
0 -1.61152 -4.99181 0.61722 0.583333 -0.257766 -0.09011 -0.961996
-2.4959 -1.61152 -4.32303 0.533886 0.583333 -0.257766 -0.09011 -0.961996
0 -0.317423 -5.11303 0.61722 0.5 -0.257766 -0.09011 -0.961996
0 -1.61152 -4.99181 0.61722 0.583333 -0.257766 -0.09011 -0.961996
-2.53609 -0.317423 -4.43348 0.533886 0.5 -0.257766 -0.09011 -0.961996
2.53609 -0.317423 -4.43348 0.700553 0.5 0.257766 -0.09011 -0.961996
2.4959 -1.61152 -4.32303 0.700553 0.583333 0.257766 -0.09011 -0.961996
0 -0.317423 -5.11303 0.61722 0.5 0.257766 -0.09011 -0.961996
4.39264 -0.317423 -2.57693 0.783886 0.5 0.704723 -0.082034 -0.704724
4.32303 -1.61152 -2.4959 0.783886 0.583333 0.704724 -0.082034 -0.704724
2.53609 -0.317423 -4.43348 0.700553 0.5 0.704724 -0.082034 -0.704723
5.07219 -0.317423 -0.040837 0.86722 0.5 0.96369 -0.068007 -0.25822
4.99181 -1.61152 -0 0.86722 0.583333 0.96369 -0.068007 -0.25822
4.39264 -0.317423 -2.57693 0.783886 0.5 0.96369 -0.068007 -0.25822
4.39264 -0.317423 2.49526 0.950553 0.5 0.964631 -0.051761 0.258472
4.32303 -1.61152 2.4959 0.950553 0.583333 0.964631 -0.051761 0.258472
5.07219 -0.317423 -0.040837 0.86722 0.5 0.964631 -0.051761 0.258472
4.18258 0.880481 2.4129 -0.049447 0.416667 0.695539 0.1728 0.697399
2.53609 -0.317423 4.35181 0.033886 0.5 0.693157 0.177855 0.698499
4.39264 -0.317423 2.49526 -0.049447 0.5 0.696802 0.170098 0.696802
2.41481 0.810064 4.17926 0.033886 0.416667 0.691475 0.181392 0.699256
2.53609 -0.317423 4.35181 0.033886 0.5 0.693157 0.177855 0.698499
4.18258 0.880481 2.4129 -0.049447 0.416667 0.695539 0.1728 0.697399
2.41481 0.810064 4.17926 0.033886 0.416667 0.254398 0.174081 0.951303
0 -0.317423 5.03135 0.11722 0.5 0.253385 0.176164 0.95119
2.53609 -0.317423 4.35181 0.033886 0.5 0.254916 0.173013 0.951359
0 0.78429 4.8258 0.11722 0.416667 0.252755 0.177459 0.951117
0 -0.317423 5.03135 0.11722 0.5 0.253385 0.176164 0.95119
2.41481 0.810064 4.17926 0.033886 0.416667 0.254398 0.174081 0.951303
-2.41481 0.810064 4.17926 0.200553 0.416667 -0.253011 0.17289 0.95189
-2.53609 -0.317423 4.35181 0.200553 0.5 -0.253484 0.174132 0.951538
0 0.78429 4.8258 0.11722 0.416667 -0.254284 0.176231 0.950938
-4.18258 0.880481 2.4129 0.283886 0.416667 -0.693181 0.169718 0.700497
-4.39264 -0.317423 2.49526 0.283886 0.5 -0.693805 0.172899 0.6991
-2.41481 0.810064 4.17926 0.200553 0.416667 -0.6948 0.178063 0.696811
-4.82963 0.976672 -0 0.36722 0.416667 -0.950128 0.169835 0.261559
-5.07219 -0.317423 -0.040837 0.36722 0.5 -0.949954 0.173911 0.259506
-4.18258 0.880481 2.4129 0.283886 0.416667 -0.949668 0.179772 0.256541
-4.18258 1.07286 -2.4129 0.450553 0.416667 -0.952963 0.173323 -0.248639
-4.39264 -0.317423 -2.57693 0.450553 0.5 -0.951789 0.177208 -0.250391
-4.82963 0.976672 -0 0.36722 0.416667 -0.950333 0.18194 -0.25252
-2.41481 1.14328 -4.17926 0.533886 0.416667 -0.699017 0.178553 -0.692455
-2.53609 -0.317423 -4.43348 0.533886 0.5 -0.697576 0.181326 -0.693188
-4.18258 1.07286 -2.4129 0.450553 0.416667 -0.696074 0.184197 -0.69394
0 1.16905 -4.8258 0.61722 0.416667 -0.256067 0.183394 -0.949103
0 -0.317423 -5.11303 0.61722 0.5 -0.255443 0.184409 -0.949075
-2.41481 1.14328 -4.17926 0.533886 0.416667 -0.254865 0.185347 -0.949047
0 1.16905 -4.8258 0.61722 0.416667 0.254902 0.184369 -0.949228
2.53609 -0.317423 -4.43348 0.700553 0.5 0.255398 0.185299 -0.948913
0 -0.317423 -5.11303 0.61722 0.5 0.254426 0.183477 -0.949528
2.41481 1.14328 -4.17926 0.700553 0.416667 0.255954 0.186339 -0.94856
2.53609 -0.317423 -4.43348 0.700553 0.5 0.255398 0.185299 -0.948913
0 1.16905 -4.8258 0.61722 0.416667 0.254902 0.184369 -0.949228
2.41481 1.14328 -4.17926 0.700553 0.416667 0.696404 0.181236 -0.694388
4.39264 -0.317423 -2.57693 0.783886 0.5 0.697216 0.184039 -0.692834
2.53609 -0.317423 -4.43348 0.700553 0.5 0.695706 0.178845 -0.695707
4.18258 1.07286 -2.4129 0.783886 0.416667 0.698072 0.187023 -0.691171
4.39264 -0.317423 -2.57693 0.783886 0.5 0.697216 0.184039 -0.692834
2.41481 1.14328 -4.17926 0.700553 0.416667 0.696404 0.181236 -0.694388
4.18258 1.07286 -2.4129 0.783886 0.416667 0.951142 0.177103 -0.252911
5.07219 -0.317423 -0.040837 0.86722 0.5 0.951002 0.181688 -0.250171
4.39264 -0.317423 -2.57693 0.783886 0.5 0.951226 0.173797 -0.25488
4.82963 0.976672 -0 0.86722 0.416667 0.950843 0.186036 -0.247564
5.07219 -0.317423 -0.040837 0.86722 0.5 0.951002 0.181688 -0.250171
4.18258 1.07286 -2.4129 0.783886 0.416667 0.951142 0.177103 -0.252911
4.82963 0.976672 -0 0.86722 0.416667 0.950751 0.173806 0.25664
4.39264 -0.317423 2.49526 0.950553 0.5 0.948977 0.179491 0.259279
5.07219 -0.317423 -0.040837 0.86722 0.5 0.951807 0.170356 0.255036
4.18258 0.880481 2.4129 0.950553 0.416667 0.9475 0.184126 0.261424
4.39264 -0.317423 2.49526 0.950553 0.5 0.948977 0.179491 0.259279
4.82963 0.976672 -0 0.86722 0.416667 0.950751 0.173806 0.25664
3.75 1.88143 2.30169 -0.049447 0.333333 0.649682 0.361925 0.668524
2.41481 0.810064 4.17926 0.033886 0.416667 0.641611 0.373997 0.669673
4.18258 0.880481 2.4129 -0.049447 0.416667 0.653234 0.356521 0.667966
2.16506 1.74819 3.88102 0.033886 0.333333 0.635871 0.382414 0.670394
2.41481 0.810064 4.17926 0.033886 0.416667 0.641611 0.373997 0.669673
3.75 1.88143 2.30169 -0.049447 0.333333 0.649682 0.361925 0.668524
2.16506 1.74819 3.88102 0.033886 0.333333 0.237448 0.353505 0.904794
0 0.78429 4.8258 0.11722 0.416667 0.234631 0.35859 0.903527
2.41481 0.810064 4.17926 0.033886 0.416667 0.238638 0.351349 0.905321
0 1.69942 4.45909 0.11722 0.333333 0.23288 0.361738 0.902725
0 0.78429 4.8258 0.11722 0.416667 0.234631 0.35859 0.903527
2.16506 1.74819 3.88102 0.033886 0.333333 0.237448 0.353505 0.904794
-2.16506 1.74819 3.88102 0.200553 0.333333 -0.234206 0.350626 0.906757
-2.41481 0.810064 4.17926 0.200553 0.416667 -0.235184 0.353742 0.905293
0 1.69942 4.45909 0.11722 0.333333 -0.236816 0.358953 0.902813
-3.75 1.88143 2.30169 0.283886 0.333333 -0.645042 0.354006 0.6772
-4.18258 0.880481 2.4129 0.283886 0.416667 -0.645256 0.362261 0.672616
-2.16506 1.74819 3.88102 0.200553 0.333333 -0.645476 0.375202 0.66527
-4.33013 2.06345 0.14429 0.36722 0.333333 -0.887942 0.372243 0.270174
-4.82963 0.976672 -0 0.36722 0.416667 -0.88501 0.383128 0.26452
-3.75 1.88143 2.30169 0.283886 0.333333 -0.880799 0.397824 0.256768
-3.75 2.24546 -2.01311 0.450553 0.333333 -0.893048 0.399826 -0.206409
-4.18258 1.07286 -2.4129 0.450553 0.416667 -0.887377 0.410359 -0.210162
-4.33013 2.06345 0.14429 0.36722 0.333333 -0.880846 0.422104 -0.214335
-2.16506 2.37871 -3.59243 0.533886 0.333333 -0.655737 0.427992 -0.621958
-2.41481 1.14328 -4.17926 0.533886 0.416667 -0.650333 0.435478 -0.622436
-3.75 2.24546 -2.01311 0.450553 0.333333 -0.645219 0.442457 -0.622835
0 2.42748 -4.17051 0.61722 0.333333 -0.239996 0.448358 -0.861033
0 1.16905 -4.8258 0.61722 0.416667 -0.238018 0.451034 -0.860184
-2.16506 2.37871 -3.59243 0.533886 0.333333 -0.23637 0.453255 -0.85947
0 2.42748 -4.17051 0.61722 0.333333 0.236633 0.450833 -0.860671
2.41481 1.14328 -4.17926 0.700553 0.416667 0.237782 0.452984 -0.859223
0 1.16905 -4.8258 0.61722 0.416667 0.235578 0.448857 -0.861992
2.16506 2.37871 -3.59243 0.700553 0.333333 0.239198 0.455633 -0.857428
2.41481 1.14328 -4.17926 0.700553 0.416667 0.237782 0.452984 -0.859223
0 2.42748 -4.17051 0.61722 0.333333 0.236633 0.450833 -0.860671
2.16506 2.37871 -3.59243 0.700553 0.333333 0.647441 0.435113 -0.625697
4.18258 1.07286 -2.4129 0.783886 0.416667 0.648382 0.441528 -0.620205
2.41481 1.14328 -4.17926 0.700553 0.416667 0.646659 0.429992 -0.630031
3.75 2.24546 -2.01311 0.783886 0.333333 0.649404 0.448855 -0.613843
4.18258 1.07286 -2.4129 0.783886 0.416667 0.648382 0.441528 -0.620205
2.16506 2.37871 -3.59243 0.700553 0.333333 0.647441 0.435113 -0.625697
3.75 2.24546 -2.01311 0.783886 0.333333 0.885946 0.410055 -0.21669
4.82963 0.976672 -0 0.86722 0.416667 0.882978 0.420591 -0.208457
4.18258 1.07286 -2.4129 0.783886 0.416667 0.887779 0.403196 -0.221995
4.33013 2.06345 0.14429 0.86722 0.333333 0.879862 0.430985 -0.200234
4.82963 0.976672 -0 0.86722 0.416667 0.882978 0.420591 -0.208457
3.75 2.24546 -2.01311 0.783886 0.333333 0.885946 0.410055 -0.21669
4.33013 2.06345 0.14429 0.86722 0.333333 0.887233 0.382868 0.25735
4.18258 0.880481 2.4129 0.950553 0.416667 0.879482 0.39615 0.263773
4.82963 0.976672 -0 0.86722 0.416667 0.891185 0.375886 0.253967
3.75 1.88143 2.30169 0.950553 0.333333 0.87285 0.407113 0.269058
4.18258 0.880481 2.4129 0.950553 0.416667 0.879482 0.39615 0.263773
4.33013 2.06345 0.14429 0.86722 0.333333 0.887233 0.382868 0.25735
3.06186 2.73187 1.97473 -0.049447 0.25 0.51623 0.637566 0.571854
2.16506 1.74819 3.88102 0.033886 0.333333 0.51623 0.637566 0.571854
3.75 1.88143 2.30169 -0.049447 0.333333 0.51623 0.637566 0.571854
1.76777 2.62308 3.26425 0.033886 0.25 0.51623 0.637566 0.571853
2.16506 1.74819 3.88102 0.033886 0.333333 0.51623 0.637566 0.571854
3.06186 2.73187 1.97473 -0.049447 0.25 0.51623 0.637566 0.571854
1.76777 2.62308 3.26425 0.033886 0.25 0.188953 0.621681 0.760138
0 1.69942 4.45909 0.11722 0.333333 0.188953 0.621681 0.760138
2.16506 1.74819 3.88102 0.033886 0.333333 0.188953 0.621681 0.760138
0 2.58325 3.73624 0.11722 0.25 0.188953 0.621681 0.760138
0 1.69942 4.45909 0.11722 0.333333 0.188953 0.621681 0.760138
1.76777 2.62308 3.26425 0.033886 0.25 0.188953 0.621681 0.760138
0 2.58325 3.73624 0.11722 0.25 -0.188953 0.621681 0.760138
-2.16506 1.74819 3.88102 0.200553 0.333333 -0.188953 0.621681 0.760138
0 1.69942 4.45909 0.11722 0.333333 -0.188953 0.621681 0.760138
-1.76777 2.62308 3.26425 0.200553 0.25 -0.188953 0.62168 0.760138
-2.16506 1.74819 3.88102 0.200553 0.333333 -0.188953 0.621681 0.760138
0 2.58325 3.73624 0.11722 0.25 -0.188953 0.621681 0.760138
-1.76777 2.62308 3.26425 0.200553 0.25 -0.51623 0.637566 0.571854
-3.75 1.88143 2.30169 0.283886 0.333333 -0.51623 0.637566 0.571854
-2.16506 1.74819 3.88102 0.200553 0.333333 -0.51623 0.637566 0.571854
-3.06186 2.73187 1.97473 0.283886 0.25 -0.51623 0.637566 0.571854
-3.75 1.88143 2.30169 0.283886 0.333333 -0.51623 0.637566 0.571854
-1.76777 2.62308 3.26425 0.200553 0.25 -0.51623 0.637566 0.571854
-3.06186 2.73187 1.97473 0.283886 0.25 -0.705183 0.66508 0.245736
-4.33013 2.06345 0.14429 0.36722 0.333333 -0.705183 0.66508 0.245736
-3.75 1.88143 2.30169 0.283886 0.333333 -0.705183 0.66508 0.245736
-3.53553 2.88048 0.213222 0.36722 0.25 -0.705182 0.66508 0.245736
-4.33013 2.06345 0.14429 0.36722 0.333333 -0.705183 0.66508 0.245736
-3.06186 2.73187 1.97473 0.283886 0.25 -0.705183 0.66508 0.245736
-3.53553 2.88048 0.213222 0.36722 0.25 -0.705182 0.696851 -0.130832
-3.75 2.24546 -2.01311 0.450553 0.333333 -0.705182 0.696851 -0.130832
-4.33013 2.06345 0.14429 0.36722 0.333333 -0.705182 0.696851 -0.130832
-3.06186 3.0291 -1.54829 0.450553 0.25 -0.705182 0.696851 -0.130832
-3.75 2.24546 -2.01311 0.450553 0.333333 -0.705182 0.696851 -0.130832
-3.53553 2.88048 0.213222 0.36722 0.25 -0.705182 0.696851 -0.130832
-3.06186 3.0291 -1.54829 0.450553 0.25 -0.516229 0.724364 -0.45695
-2.16506 2.37871 -3.59243 0.533886 0.333333 -0.516229 0.724365 -0.45695
-3.75 2.24546 -2.01311 0.450553 0.333333 -0.516229 0.724364 -0.45695
-1.76777 3.13789 -2.8378 0.533886 0.25 -0.516229 0.724365 -0.45695
-2.16506 2.37871 -3.59243 0.533886 0.333333 -0.516229 0.724365 -0.45695
-3.06186 3.0291 -1.54829 0.450553 0.25 -0.516229 0.724364 -0.45695
-1.76777 3.13789 -2.8378 0.533886 0.25 -0.188953 0.74025 -0.645234
0 2.42748 -4.17051 0.61722 0.333333 -0.188953 0.74025 -0.645234
-2.16506 2.37871 -3.59243 0.533886 0.333333 -0.188953 0.74025 -0.645234
0 3.17771 -3.3098 0.61722 0.25 -0.188953 0.74025 -0.645234
0 2.42748 -4.17051 0.61722 0.333333 -0.188953 0.74025 -0.645234
-1.76777 3.13789 -2.8378 0.533886 0.25 -0.188953 0.74025 -0.645234
0 3.17771 -3.3098 0.61722 0.25 0.188953 0.74025 -0.645234
2.16506 2.37871 -3.59243 0.700553 0.333333 0.188953 0.74025 -0.645234
0 2.42748 -4.17051 0.61722 0.333333 0.188953 0.74025 -0.645234
1.76777 3.13789 -2.8378 0.700553 0.25 0.188953 0.740249 -0.645234
2.16506 2.37871 -3.59243 0.700553 0.333333 0.188953 0.74025 -0.645234
0 3.17771 -3.3098 0.61722 0.25 0.188953 0.74025 -0.645234
1.76777 3.13789 -2.8378 0.700553 0.25 0.516229 0.724364 -0.45695
3.75 2.24546 -2.01311 0.783886 0.333333 0.516229 0.724365 -0.45695
2.16506 2.37871 -3.59243 0.700553 0.333333 0.516229 0.724364 -0.45695
3.06186 3.0291 -1.54829 0.783886 0.25 0.516229 0.724365 -0.45695
3.75 2.24546 -2.01311 0.783886 0.333333 0.516229 0.724365 -0.45695
1.76777 3.13789 -2.8378 0.700553 0.25 0.516229 0.724364 -0.45695
3.06186 3.0291 -1.54829 0.783886 0.25 0.705182 0.696851 -0.130832
4.33013 2.06345 0.14429 0.86722 0.333333 0.705182 0.696851 -0.130832
3.75 2.24546 -2.01311 0.783886 0.333333 0.705182 0.696851 -0.130832
3.53553 2.88048 0.213222 0.86722 0.25 0.705182 0.696851 -0.130832
4.33013 2.06345 0.14429 0.86722 0.333333 0.705182 0.696851 -0.130832
3.06186 3.0291 -1.54829 0.783886 0.25 0.705182 0.696851 -0.130832
3.53553 2.88048 0.213222 0.86722 0.25 0.705183 0.66508 0.245736
3.75 1.88143 2.30169 0.950553 0.333333 0.705183 0.66508 0.245736
4.33013 2.06345 0.14429 0.86722 0.333333 0.705183 0.66508 0.245736
3.06186 2.73187 1.97473 0.950553 0.25 0.705182 0.66508 0.245736
3.75 1.88143 2.30169 0.950553 0.333333 0.705183 0.66508 0.245736
3.53553 2.88048 0.213222 0.86722 0.25 0.705183 0.66508 0.245736
2.16506 3.36509 1.50855 -0.049447 0.166667 0.360055 0.827335 0.431134
1.76777 2.62308 3.26425 0.033886 0.25 0.360055 0.827336 0.431134
3.06186 2.73187 1.97473 -0.049447 0.25 0.360055 0.827335 0.431134
1.25 3.28816 2.42037 0.033886 0.166667 0.360054 0.827336 0.431134
1.76777 2.62308 3.26425 0.033886 0.25 0.360055 0.827336 0.431134
2.16506 3.36509 1.50855 -0.049447 0.166667 0.360055 0.827335 0.431134
1.25 3.28816 2.42037 0.033886 0.166667 0.131789 0.816256 0.562457
0 2.58325 3.73624 0.11722 0.25 0.131789 0.816256 0.562457
1.76777 2.62308 3.26425 0.033886 0.25 0.131789 0.816256 0.562457
0 3.26 2.75412 0.11722 0.166667 0.13179 0.816256 0.562457
0 2.58325 3.73624 0.11722 0.25 0.131789 0.816256 0.562457
1.25 3.28816 2.42037 0.033886 0.166667 0.131789 0.816256 0.562457
0 3.26 2.75412 0.11722 0.166667 -0.131789 0.816256 0.562457
-1.76777 2.62308 3.26425 0.200553 0.25 -0.131789 0.816256 0.562457
0 2.58325 3.73624 0.11722 0.25 -0.131789 0.816256 0.562457
-1.25 3.28816 2.42037 0.200553 0.166667 -0.13179 0.816256 0.562457
-1.76777 2.62308 3.26425 0.200553 0.25 -0.131789 0.816256 0.562457
0 3.26 2.75412 0.11722 0.166667 -0.131789 0.816256 0.562457
-1.25 3.28816 2.42037 0.200553 0.166667 -0.360055 0.827335 0.431134
-3.06186 2.73187 1.97473 0.283886 0.25 -0.360055 0.827335 0.431134
-1.76777 2.62308 3.26425 0.200553 0.25 -0.360055 0.827335 0.431134
-2.16506 3.36509 1.50855 0.283886 0.166667 -0.360055 0.827335 0.431135
-3.06186 2.73187 1.97473 0.283886 0.25 -0.360055 0.827335 0.431134
-1.25 3.28816 2.42037 0.200553 0.166667 -0.360055 0.827335 0.431134
-2.16506 3.36509 1.50855 0.283886 0.166667 -0.491844 0.846525 0.203677
-3.53553 2.88048 0.213222 0.36722 0.25 -0.491844 0.846525 0.203677
-3.06186 2.73187 1.97473 0.283886 0.25 -0.491844 0.846525 0.203677
-2.5 3.47017 0.262973 0.36722 0.166667 -0.491844 0.846525 0.203677
-3.53553 2.88048 0.213222 0.36722 0.25 -0.491844 0.846525 0.203677
-2.16506 3.36509 1.50855 0.283886 0.166667 -0.491844 0.846525 0.203677
-2.5 3.47017 0.262973 0.36722 0.166667 -0.491844 0.868684 -0.058968
-3.06186 3.0291 -1.54829 0.450553 0.25 -0.491844 0.868684 -0.058968
-3.53553 2.88048 0.213222 0.36722 0.25 -0.491844 0.868684 -0.058968
-2.16506 3.57526 -0.982602 0.450553 0.166667 -0.491844 0.868684 -0.058968
-3.06186 3.0291 -1.54829 0.450553 0.25 -0.491844 0.868684 -0.058968
-2.5 3.47017 0.262973 0.36722 0.166667 -0.491844 0.868684 -0.058968
-2.16506 3.57526 -0.982602 0.450553 0.166667 -0.360055 0.887874 -0.286426
-1.76777 3.13789 -2.8378 0.533886 0.25 -0.360054 0.887875 -0.286426
-3.06186 3.0291 -1.54829 0.450553 0.25 -0.360055 0.887874 -0.286426
-1.25 3.65219 -1.89443 0.533886 0.166667 -0.360054 0.887875 -0.286426
-1.76777 3.13789 -2.8378 0.533886 0.25 -0.360054 0.887875 -0.286426
-2.16506 3.57526 -0.982602 0.450553 0.166667 -0.360055 0.887874 -0.286426
-1.25 3.65219 -1.89443 0.533886 0.166667 -0.13179 0.898954 -0.417748
0 3.17771 -3.3098 0.61722 0.25 -0.13179 0.898954 -0.417748
-1.76777 3.13789 -2.8378 0.533886 0.25 -0.131789 0.898954 -0.417748
0 3.68035 -2.22818 0.61722 0.166667 -0.13179 0.898954 -0.417748
0 3.17771 -3.3098 0.61722 0.25 -0.13179 0.898954 -0.417748
-1.25 3.65219 -1.89443 0.533886 0.166667 -0.13179 0.898954 -0.417748
0 3.68035 -2.22818 0.61722 0.166667 0.13179 0.898954 -0.417748
1.76777 3.13789 -2.8378 0.700553 0.25 0.13179 0.898954 -0.417748
0 3.17771 -3.3098 0.61722 0.25 0.131789 0.898954 -0.417748
1.25 3.65219 -1.89443 0.700553 0.166667 0.13179 0.898954 -0.417748
1.76777 3.13789 -2.8378 0.700553 0.25 0.13179 0.898954 -0.417748
0 3.68035 -2.22818 0.61722 0.166667 0.13179 0.898954 -0.417748
1.25 3.65219 -1.89443 0.700553 0.166667 0.360055 0.887874 -0.286426
3.06186 3.0291 -1.54829 0.783886 0.25 0.360055 0.887874 -0.286426
1.76777 3.13789 -2.8378 0.700553 0.25 0.360054 0.887874 -0.286426
2.16506 3.57526 -0.982602 0.783886 0.166667 0.360055 0.887874 -0.286426
3.06186 3.0291 -1.54829 0.783886 0.25 0.360055 0.887874 -0.286426
1.25 3.65219 -1.89443 0.700553 0.166667 0.360055 0.887874 -0.286426
2.16506 3.57526 -0.982602 0.783886 0.166667 0.491844 0.868684 -0.058968
3.53553 2.88048 0.213222 0.86722 0.25 0.491844 0.868684 -0.058968
3.06186 3.0291 -1.54829 0.783886 0.25 0.491844 0.868684 -0.058968
2.5 3.47017 0.262973 0.86722 0.166667 0.491844 0.868684 -0.058968
3.53553 2.88048 0.213222 0.86722 0.25 0.491844 0.868684 -0.058968
2.16506 3.57526 -0.982602 0.783886 0.166667 0.491844 0.868684 -0.058968
2.5 3.47017 0.262973 0.86722 0.166667 0.491844 0.846525 0.203677
3.06186 2.73187 1.97473 0.950553 0.25 0.491844 0.846525 0.203677
3.53553 2.88048 0.213222 0.86722 0.25 0.491844 0.846525 0.203677
2.16506 3.36509 1.50855 0.950553 0.166667 0.491844 0.846525 0.203677
3.06186 2.73187 1.97473 0.950553 0.25 0.491844 0.846525 0.203677
2.5 3.47017 0.262973 0.86722 0.166667 0.491844 0.846525 0.203677
1.12072 3.78647 0.939005 -0.049447 0.083333 0.215126 0.931139 0.29445
1.25 3.28816 2.42037 0.033886 0.166667 0.215126 0.931139 0.29445
2.16506 3.36509 1.50855 -0.049447 0.166667 0.215127 0.931139 0.29445
0.647048 3.74665 1.411 0.033886 0.083333 0.215125 0.931139 0.29445
1.25 3.28816 2.42037 0.033886 0.166667 0.215126 0.931139 0.29445
1.12072 3.78647 0.939005 -0.049447 0.083333 0.215126 0.931139 0.29445
0.647048 3.74665 1.411 0.033886 0.083333 0.078742 0.924519 0.372912
0 3.26 2.75412 0.11722 0.166667 0.078742 0.92452 0.372912
1.25 3.28816 2.42037 0.033886 0.166667 0.078742 0.92452 0.372912
0 3.73207 1.58376 0.11722 0.083333 0.078743 0.924519 0.372912
0 3.26 2.75412 0.11722 0.166667 0.078742 0.92452 0.372912
0.647048 3.74665 1.411 0.033886 0.083333 0.078742 0.924519 0.372912
0 3.73207 1.58376 0.11722 0.083333 -0.078742 0.92452 0.372912
-1.25 3.28816 2.42037 0.200553 0.166667 -0.078742 0.92452 0.372912
0 3.26 2.75412 0.11722 0.166667 -0.078742 0.92452 0.372912
-0.647048 3.74665 1.411 0.200553 0.083333 -0.078743 0.92452 0.372912
-1.25 3.28816 2.42037 0.200553 0.166667 -0.078742 0.92452 0.372912
0 3.73207 1.58376 0.11722 0.083333 -0.078742 0.92452 0.372912
-0.647048 3.74665 1.411 0.200553 0.083333 -0.215126 0.931139 0.29445
-2.16506 3.36509 1.50855 0.283886 0.166667 -0.215126 0.931139 0.294449
-1.25 3.28816 2.42037 0.200553 0.166667 -0.215126 0.931139 0.294449
-1.12072 3.78647 0.939005 0.283886 0.083333 -0.215126 0.931139 0.29445
-2.16506 3.36509 1.50855 0.283886 0.166667 -0.215126 0.931139 0.294449
-0.647048 3.74665 1.411 0.200553 0.083333 -0.215126 0.931139 0.29445
-1.12072 3.78647 0.939005 0.283886 0.083333 -0.293869 0.942605 0.158547
-2.5 3.47017 0.262973 0.36722 0.166667 -0.293869 0.942605 0.158547
-2.16506 3.36509 1.50855 0.283886 0.166667 -0.293869 0.942605 0.158547
-1.2941 3.84087 0.294248 0.36722 0.083333 -0.293868 0.942605 0.158546
-2.5 3.47017 0.262973 0.36722 0.166667 -0.293869 0.942605 0.158547
-1.12072 3.78647 0.939005 0.283886 0.083333 -0.293869 0.942605 0.158547
-1.2941 3.84087 0.294248 0.36722 0.083333 -0.293868 0.955845 0.001622
-2.16506 3.57526 -0.982602 0.450553 0.166667 -0.293868 0.955845 0.001622
-2.5 3.47017 0.262973 0.36722 0.166667 -0.293868 0.955845 0.001622
-1.12072 3.89527 -0.350509 0.450553 0.083333 -0.293868 0.955845 0.001621
-2.16506 3.57526 -0.982602 0.450553 0.166667 -0.293868 0.955845 0.001622
-1.2941 3.84087 0.294248 0.36722 0.083333 -0.293868 0.955845 0.001622
-1.12072 3.89527 -0.350509 0.450553 0.083333 -0.215126 0.96731 -0.134281
-1.25 3.65219 -1.89443 0.533886 0.166667 -0.215126 0.96731 -0.134281
-2.16506 3.57526 -0.982602 0.450553 0.166667 -0.215126 0.96731 -0.134281
-0.647048 3.93509 -0.822504 0.533886 0.083333 -0.215126 0.96731 -0.134281
-1.25 3.65219 -1.89443 0.533886 0.166667 -0.215126 0.96731 -0.134281
-1.12072 3.89527 -0.350509 0.450553 0.083333 -0.215126 0.96731 -0.134281
-0.647048 3.93509 -0.822504 0.533886 0.083333 -0.078742 0.97393 -0.212744
0 3.68035 -2.22818 0.61722 0.166667 -0.078742 0.97393 -0.212744
-1.25 3.65219 -1.89443 0.533886 0.166667 -0.078742 0.97393 -0.212744
0 3.94966 -0.995266 0.61722 0.083333 -0.078742 0.97393 -0.212743
0 3.68035 -2.22818 0.61722 0.166667 -0.078742 0.97393 -0.212744
-0.647048 3.93509 -0.822504 0.533886 0.083333 -0.078742 0.97393 -0.212744
0 3.94966 -0.995266 0.61722 0.083333 0.078742 0.97393 -0.212744
1.25 3.65219 -1.89443 0.700553 0.166667 0.078742 0.97393 -0.212744
0 3.68035 -2.22818 0.61722 0.166667 0.078742 0.97393 -0.212744
0.647048 3.93509 -0.822504 0.700553 0.083333 0.078742 0.97393 -0.212743
1.25 3.65219 -1.89443 0.700553 0.166667 0.078742 0.97393 -0.212744
0 3.94966 -0.995266 0.61722 0.083333 0.078742 0.97393 -0.212744
0.647048 3.93509 -0.822504 0.700553 0.083333 0.215126 0.96731 -0.134281
2.16506 3.57526 -0.982602 0.783886 0.166667 0.215126 0.96731 -0.134281
1.25 3.65219 -1.89443 0.700553 0.166667 0.215126 0.96731 -0.134281
1.12072 3.89527 -0.350509 0.783886 0.083333 0.215126 0.96731 -0.134281
2.16506 3.57526 -0.982602 0.783886 0.166667 0.215126 0.96731 -0.134281
0.647048 3.93509 -0.822504 0.700553 0.083333 0.215126 0.96731 -0.134281
1.12072 3.89527 -0.350509 0.783886 0.083333 0.293868 0.955845 0.001621
2.5 3.47017 0.262973 0.86722 0.166667 0.293868 0.955845 0.001621
2.16506 3.57526 -0.982602 0.783886 0.166667 0.293868 0.955845 0.001622
1.2941 3.84087 0.294248 0.86722 0.083333 0.293868 0.955845 0.001621
2.5 3.47017 0.262973 0.86722 0.166667 0.293868 0.955845 0.001621
1.12072 3.89527 -0.350509 0.783886 0.083333 0.293868 0.955845 0.001621
1.2941 3.84087 0.294248 0.86722 0.083333 0.293869 0.942605 0.158546
2.16506 3.36509 1.50855 0.950553 0.166667 0.293869 0.942605 0.158546
2.5 3.47017 0.262973 0.86722 0.166667 0.293868 0.942605 0.158546
1.12072 3.78647 0.939005 0.950553 0.083333 0.293869 0.942605 0.158547
2.16506 3.36509 1.50855 0.950553 0.166667 0.293869 0.942605 0.158546
1.2941 3.84087 0.294248 0.86722 0.083333 0.293869 0.942605 0.158546
0 -3.97616 -0 -0.00778 1 0.023997 -0.999424 0.023996
1.47437 -3.92032 0.851227 -0.049447 0.916667 0.023997 -0.999424 0.023996
0.851227 -3.92032 1.47437 0.033886 0.916667 0.023997 -0.999424 0.023996
0 -3.97616 -0 0.075553 1 0.008783 -0.999424 0.032781
0.851227 -3.92032 1.47437 0.033886 0.916667 0.008783 -0.999424 0.032781
0 -3.92032 1.70245 0.11722 0.916667 0.008783 -0.999424 0.032781
0 -3.97616 -0 0.158886 1 -0.008783 -0.999424 0.032781
0 -3.92032 1.70245 0.11722 0.916667 -0.008783 -0.999424 0.032781
-0.851227 -3.92032 1.47437 0.200553 0.916667 -0.008783 -0.999424 0.032781
0 -3.97616 -0 0.24222 1 -0.023997 -0.999424 0.023996
-0.851227 -3.92032 1.47437 0.200553 0.916667 -0.023997 -0.999424 0.023996
-1.47437 -3.92032 0.851227 0.283886 0.916667 -0.023997 -0.999424 0.023996
0 -3.97616 -0 0.325553 1 -0.03278 -0.999424 0.008784
-1.47437 -3.92032 0.851227 0.283886 0.916667 -0.03278 -0.999424 0.008784
-1.70245 -3.92032 -0 0.36722 0.916667 -0.03278 -0.999424 0.008784
0 -3.97616 -0 0.408886 1 -0.03278 -0.999424 -0.008784
-1.70245 -3.92032 -0 0.36722 0.916667 -0.03278 -0.999424 -0.008784
-1.47437 -3.92032 -0.851227 0.450553 0.916667 -0.03278 -0.999424 -0.008784
0 -3.97616 -0 0.49222 1 -0.023997 -0.999424 -0.023996
-1.47437 -3.92032 -0.851227 0.450553 0.916667 -0.023997 -0.999424 -0.023996
-0.851227 -3.92032 -1.47437 0.533886 0.916667 -0.023997 -0.999424 -0.023996
0 -3.97616 -0 0.575553 1 -0.008783 -0.999424 -0.032781
-0.851227 -3.92032 -1.47437 0.533886 0.916667 -0.008783 -0.999424 -0.032781
0 -3.92032 -1.70245 0.61722 0.916667 -0.008783 -0.999424 -0.032781
0 -3.97616 -0 0.658886 1 0.008783 -0.999424 -0.032781
0 -3.92032 -1.70245 0.61722 0.916667 0.008783 -0.999424 -0.032781
0.851227 -3.92032 -1.47437 0.700553 0.916667 0.008783 -0.999424 -0.032781
0 -3.97616 -0 0.74222 1 0.023997 -0.999424 -0.023996
0.851227 -3.92032 -1.47437 0.700553 0.916667 0.023997 -0.999424 -0.023996
1.47437 -3.92032 -0.851227 0.783886 0.916667 0.023997 -0.999424 -0.023996
0 -3.97616 -0 0.825553 1 0.03278 -0.999424 -0.008784
1.47437 -3.92032 -0.851227 0.783886 0.916667 0.03278 -0.999424 -0.008784
1.70245 -3.92032 -0 0.86722 0.916667 0.03278 -0.999424 -0.008784
0 -3.97616 -0 0.908886 1 0.03278 -0.999424 0.008784
1.70245 -3.92032 -0 0.86722 0.916667 0.03278 -0.999424 0.008784
1.47437 -3.92032 0.851227 0.950553 0.916667 0.03278 -0.999424 0.008784
0 3.96731 0.304915 -0.00778 0 0.07141 0.985362 0.154797
0.647048 3.74665 1.411 0.033886 0.083333 0.07141 0.985362 0.154797
1.12072 3.78647 0.939005 -0.049447 0.083333 0.07141 0.985362 0.154797
0 3.96731 0.304915 0.075553 0 0.026139 0.983165 0.180843
0 3.73207 1.58376 0.11722 0.083333 0.026139 0.983165 0.180843
0.647048 3.74665 1.411 0.033886 0.083333 0.026139 0.983165 0.180843
0 3.96731 0.304915 0.158886 0 -0.026139 0.983165 0.180843
-0.647048 3.74665 1.411 0.200553 0.083333 -0.026139 0.983165 0.180843
0 3.73207 1.58376 0.11722 0.083333 -0.026139 0.983165 0.180843
0 3.96731 0.304915 0.24222 0 -0.07141 0.985362 0.154798
-1.12072 3.78647 0.939005 0.283886 0.083333 -0.07141 0.985362 0.154798
-0.647048 3.74665 1.411 0.200553 0.083333 -0.07141 0.985362 0.154798
0 3.96731 0.304915 0.325553 0 -0.097549 0.989168 0.109685
-1.2941 3.84087 0.294248 0.36722 0.083333 -0.097549 0.989168 0.109685
-1.12072 3.78647 0.939005 0.283886 0.083333 -0.097549 0.989168 0.109685
0 3.96731 0.304915 0.408886 0 -0.097549 0.993563 0.057594
-1.12072 3.89527 -0.350509 0.450553 0.083333 -0.097549 0.993563 0.057594
-1.2941 3.84087 0.294248 0.36722 0.083333 -0.097549 0.993563 0.057594
0 3.96731 0.304915 0.49222 0 -0.071411 0.997369 0.012482
-0.647048 3.93509 -0.822504 0.533886 0.083333 -0.071411 0.997369 0.012482
-1.12072 3.89527 -0.350509 0.450553 0.083333 -0.071411 0.997369 0.012482
0 3.96731 0.304915 0.575553 0 -0.026139 0.999566 -0.013564
0 3.94966 -0.995266 0.61722 0.083333 -0.026139 0.999566 -0.013564
-0.647048 3.93509 -0.822504 0.533886 0.083333 -0.026139 0.999566 -0.013564
0 3.96731 0.304915 0.658886 0 0.026139 0.999566 -0.013564
0.647048 3.93509 -0.822504 0.700553 0.083333 0.026139 0.999566 -0.013564
0 3.94966 -0.995266 0.61722 0.083333 0.026139 0.999566 -0.013564
0 3.96731 0.304915 0.74222 0 0.071411 0.997369 0.012482
1.12072 3.89527 -0.350509 0.783886 0.083333 0.071411 0.997369 0.012482
0.647048 3.93509 -0.822504 0.700553 0.083333 0.071411 0.997369 0.012482
0 3.96731 0.304915 0.825553 0 0.097549 0.993563 0.057594
1.2941 3.84087 0.294248 0.86722 0.083333 0.097549 0.993563 0.057594
1.12072 3.89527 -0.350509 0.783886 0.083333 0.097549 0.993563 0.057594
0 3.96731 0.304915 0.908886 0 0.097549 0.989168 0.109685
1.12072 3.78647 0.939005 0.950553 0.083333 0.097549 0.989168 0.109685
1.2941 3.84087 0.294248 0.86722 0.083333 0.097549 0.989168 0.109685
0 1.69942 4.45909 0.11722 0.333333 -0.236816 0.358953 0.902813
-2.41481 0.810064 4.17926 0.200553 0.416667 -0.235184 0.353742 0.905293
0 0.78429 4.8258 0.11722 0.416667 -0.237555 0.361317 0.901675
-2.16506 1.74819 3.88102 0.200553 0.333333 -0.645476 0.375202 0.66527
-4.18258 0.880481 2.4129 0.283886 0.416667 -0.645256 0.362261 0.672616
-2.41481 0.810064 4.17926 0.200553 0.416667 -0.645535 0.38209 0.66128
0 0.78429 4.8258 0.11722 0.416667 -0.254284 0.176231 0.950938
-2.53609 -0.317423 4.35181 0.200553 0.5 -0.253484 0.174132 0.951538
0 -0.317423 5.03135 0.11722 0.5 -0.254715 0.177364 0.950611
-2.41481 0.810064 4.17926 0.200553 0.416667 -0.6948 0.178063 0.696811
-4.39264 -0.317423 2.49526 0.283886 0.5 -0.693805 0.172899 0.6991
-2.53609 -0.317423 4.35181 0.200553 0.5 -0.695399 0.181223 0.695398
-3.75 1.88143 2.30169 0.283886 0.333333 -0.880799 0.397824 0.256768
-4.82963 0.976672 -0 0.36722 0.416667 -0.88501 0.383128 0.26452
-4.18258 0.880481 2.4129 0.283886 0.416667 -0.877907 0.407366 0.251661
-4.82963 0.976672 -0 0.36722 0.416667 -0.950333 0.18194 -0.25252
-4.39264 -0.317423 -2.57693 0.450553 0.5 -0.951789 0.177208 -0.250391
-5.07219 -0.317423 -0.040837 0.36722 0.5 -0.949085 0.185919 -0.254307
-4.18258 0.880481 2.4129 0.283886 0.416667 -0.949668 0.179772 0.256541
-5.07219 -0.317423 -0.040837 0.36722 0.5 -0.949954 0.173911 0.259506
-4.39264 -0.317423 2.49526 0.283886 0.5 -0.949437 0.183984 0.254401
-4.33013 2.06345 0.14429 0.36722 0.333333 -0.880846 0.422104 -0.214335
-4.18258 1.07286 -2.4129 0.450553 0.416667 -0.887377 0.410359 -0.210162
-4.82963 0.976672 -0 0.36722 0.416667 -0.875566 0.431317 -0.217599
-4.18258 1.07286 -2.4129 0.450553 0.416667 -0.696074 0.184197 -0.69394
-2.53609 -0.317423 -4.43348 0.533886 0.5 -0.697576 0.181326 -0.693188
-4.39264 -0.317423 -2.57693 0.450553 0.5 -0.694645 0.186915 -0.694645
-3.75 2.24546 -2.01311 0.450553 0.333333 -0.645219 0.442457 -0.622835
-2.41481 1.14328 -4.17926 0.533886 0.416667 -0.650333 0.435478 -0.622436
-4.18258 1.07286 -2.4129 0.450553 0.416667 -0.640538 0.44876 -0.623157
-2.41481 1.14328 -4.17926 0.533886 0.416667 -0.254865 0.185347 -0.949047
0 -0.317423 -5.11303 0.61722 0.5 -0.255443 0.184409 -0.949075
-2.53609 -0.317423 -4.43348 0.533886 0.5 -0.254289 0.18628 -0.949019
-2.16506 2.37871 -3.59243 0.533886 0.333333 -0.23637 0.453255 -0.85947
0 1.16905 -4.8258 0.61722 0.416667 -0.238018 0.451034 -0.860184
-2.41481 1.14328 -4.17926 0.533886 0.416667 -0.234787 0.455383 -0.858779
0 -0.317423 -5.11303 0.61722 0.5 0.257766 -0.09011 -0.961996
2.4959 -1.61152 -4.32303 0.700553 0.583333 0.257766 -0.09011 -0.961996
0 -1.61152 -4.99181 0.61722 0.583333 0.257766 -0.09011 -0.961996
2.53609 -0.317423 -4.43348 0.700553 0.5 0.704724 -0.082034 -0.704723
4.32303 -1.61152 -2.4959 0.783886 0.583333 0.704724 -0.082034 -0.704724
2.4959 -1.61152 -4.32303 0.700553 0.583333 0.704724 -0.082034 -0.704723
4.39264 -0.317423 -2.57693 0.783886 0.5 0.96369 -0.068007 -0.25822
4.99181 -1.61152 -0 0.86722 0.583333 0.96369 -0.068007 -0.25822
4.32303 -1.61152 -2.4959 0.783886 0.583333 0.96369 -0.068007 -0.25822
5.07219 -0.317423 -0.040837 0.86722 0.5 0.964631 -0.051761 0.258472
4.32303 -1.61152 2.4959 0.950553 0.583333 0.964631 -0.051761 0.258472
4.99181 -1.61152 -0 0.86722 0.583333 0.964631 -0.051761 0.258472
4.39264 -0.317423 2.49526 -0.049447 0.5 0.706605 -0.037657 0.706605
2.4959 -1.61152 4.32303 0.033886 0.583333 0.706605 -0.037657 0.706605
4.32303 -1.61152 2.4959 -0.049447 0.583333 0.706605 -0.037657 0.706605
2.53609 -0.317423 4.35181 0.033886 0.5 0.258706 -0.029503 0.965505
0 -1.61152 4.99181 0.11722 0.583333 0.258706 -0.029503 0.965505
2.4959 -1.61152 4.32303 0.033886 0.583333 0.258706 -0.029503 0.965505
0 3.43781 2.5924 0.125 0.5 0.303816 -0.66557 0.681699
-0 3.38347 2.53935 0.125 0.625 0.303816 -0.66557 0.681699
1.59485 3.43709 1.88092 0 0.625 0.303816 -0.66557 0.681699
-1.62912 3.49258 1.91982 0.25 0.5 -0.303815 -0.665569 0.681699
-1.59485 3.43709 1.88092 0.25 0.625 -0.303815 -0.665569 0.681699
-0 3.38347 2.53935 0.125 0.625 -0.303815 -0.665569 0.681699
-2.30392 3.62482 0.296085 0.375 0.5 -0.733476 -0.630692 0.253457
-2.25545 3.56655 0.29134 0.375 0.625 -0.733476 -0.630692 0.253457
-1.59485 3.43709 1.88092 0.25 0.625 -0.733476 -0.630692 0.253457
-1.62912 3.75706 -1.32765 0.5 0.5 -0.733477 -0.581368 -0.352169
-1.59485 3.69601 -1.29824 0.5 0.625 -0.733477 -0.581368 -0.352169
-2.25545 3.56655 0.29134 0.375 0.625 -0.733477 -0.581368 -0.352169
0 3.81184 -2.00023 0.625 0.5 -0.303815 -0.54649 -0.780414
-0 3.74964 -1.95667 0.625 0.625 -0.303815 -0.54649 -0.780414
-1.59485 3.69601 -1.29824 0.5 0.625 -0.303815 -0.54649 -0.780414
1.62912 3.75706 -1.32765 0.75 0.5 0.303815 -0.546488 -0.780414
1.59485 3.69601 -1.29824 0.75 0.625 0.303815 -0.546488 -0.780414
-0 3.74964 -1.95667 0.625 0.625 0.303815 -0.546488 -0.780414
2.30392 3.62482 0.296085 0.875 0.5 0.733478 -0.581367 -0.352169
2.25545 3.56655 0.29134 0.875 0.625 0.733478 -0.581367 -0.352169
1.59485 3.69601 -1.29824 0.75 0.625 0.733478 -0.581367 -0.352169
1.62912 3.49258 1.91982 1 0.5 0.733476 -0.630692 0.253457
1.59485 3.43709 1.88092 1 0.625 0.733476 -0.630692 0.253457
2.25545 3.56655 0.29134 0.875 0.625 0.733476 -0.630692 0.253457
0 3.53961 2.42474 0.125 0.375 0.182419 0.840425 0.510303
0 3.43781 2.5924 0.125 0.5 0.182419 0.840425 0.510303
1.62912 3.49258 1.91982 0 0.5 0.182419 0.840425 0.510303
-1.50511 3.59022 1.80336 0.25 0.375 -0.182419 0.840425 0.510303
-1.62912 3.49258 1.91982 0.25 0.5 -0.182419 0.840425 0.510303
0 3.43781 2.5924 0.125 0.5 -0.182419 0.840425 0.510303
-2.12854 3.71239 0.303217 0.375 0.375 -0.440399 0.861366 0.253175
-2.30392 3.62482 0.296085 0.375 0.5 -0.440399 0.861366 0.253175
-1.62912 3.49258 1.91982 0.25 0.5 -0.440399 0.861366 0.253175
-1.50511 3.83457 -1.19692 0.5 0.375 -0.440399 0.890981 -0.11046
-1.62912 3.75706 -1.32765 0.5 0.5 -0.440399 0.890981 -0.11046
-2.30392 3.62482 0.296085 0.375 0.5 -0.440399 0.890981 -0.11046
0 3.88517 -1.8183 0.625 0.375 -0.182419 0.911922 -0.367588
0 3.81184 -2.00023 0.625 0.5 -0.182419 0.911922 -0.367588
-1.62912 3.75706 -1.32765 0.5 0.5 -0.182419 0.911922 -0.367588
1.50511 3.83457 -1.19692 0.75 0.375 0.182419 0.911922 -0.367589
1.62912 3.75706 -1.32765 0.75 0.5 0.182419 0.911922 -0.367589
0 3.81184 -2.00023 0.625 0.5 0.182419 0.911922 -0.367589
2.12854 3.71239 0.303217 0.875 0.375 0.440399 0.890981 -0.11046
2.30392 3.62482 0.296085 0.875 0.5 0.440399 0.890981 -0.11046
1.62912 3.75706 -1.32765 0.75 0.5 0.4404 0.890981 -0.11046
1.50511 3.59022 1.80336 1 0.375 0.440399 0.861366 0.253175
1.62912 3.49258 1.91982 1 0.5 0.440399 0.861366 0.253175
2.30392 3.62482 0.296085 0.875 0.5 0.440399 0.861366 0.253175
0 3.72161 1.93848 0.125 0.25 0.112507 0.930604 0.348307
0 3.53961 2.42474 0.125 0.375 0.112507 0.930604 0.348307
1.50511 3.59022 1.80336 0 0.375 0.112507 0.930604 0.348307
-1.15196 3.76034 1.4629 0.25 0.25 -0.112507 0.930604 0.348307
-1.50511 3.59022 1.80336 0.25 0.375 -0.112507 0.930604 0.348307
0 3.53961 2.42474 0.125 0.375 -0.112507 0.930604 0.348307
-1.62912 3.85385 0.314737 0.375 0.25 -0.271617 0.94352 0.189722
-2.12854 3.71239 0.303217 0.375 0.375 -0.271617 0.94352 0.189722
-1.50511 3.59022 1.80336 0.25 0.375 -0.271617 0.94352 0.189722
-1.15196 3.94736 -0.83342 0.5 0.25 -0.271617 0.961785 -0.03455
-1.50511 3.83457 -1.19692 0.5 0.375 -0.271617 0.961785 -0.03455
-2.12854 3.71239 0.303217 0.375 0.375 -0.271617 0.961785 -0.03455
0 3.98609 -1.309 0.625 0.25 -0.112507 0.9747 -0.193135
0 3.88517 -1.8183 0.625 0.375 -0.112508 0.9747 -0.193135
-1.50511 3.83457 -1.19692 0.5 0.375 -0.112507 0.9747 -0.193135
1.15196 3.94736 -0.83342 0.75 0.25 0.112507 0.9747 -0.193135
1.50511 3.83457 -1.19692 0.75 0.375 0.112507 0.9747 -0.193135
0 3.88517 -1.8183 0.625 0.375 0.112508 0.9747 -0.193135
1.62912 3.85385 0.314737 0.875 0.25 0.271617 0.961785 -0.03455
2.12854 3.71239 0.303217 0.875 0.375 0.271617 0.961785 -0.03455
1.50511 3.83457 -1.19692 0.75 0.375 0.271617 0.961785 -0.03455
1.15196 3.76034 1.4629 1 0.25 0.271617 0.94352 0.189722
1.50511 3.59022 1.80336 1 0.375 0.271617 0.94352 0.189722
2.12854 3.71239 0.303217 0.875 0.375 0.271617 0.94352 0.189722
0 3.88144 1.20158 0.125 0.125 0.054569 0.975821 0.211651
0 3.72161 1.93848 0.125 0.25 0.054569 0.975821 0.211651
1.15196 3.76034 1.4629 0 0.25 0.054569 0.975821 0.211651
-0.623436 3.9024 0.944192 0.25 0.125 -0.054569 0.975821 0.211651
-1.15196 3.76034 1.4629 0.25 0.25 -0.054569 0.975821 0.211651
0 3.72161 1.93848 0.125 0.25 -0.054569 0.975821 0.211651
-0.881671 3.95301 0.322813 0.375 0.125 -0.131742 0.982085 0.134733
-1.62912 3.85385 0.314737 0.375 0.25 -0.131742 0.982085 0.134733
-1.15196 3.76034 1.4629 0.25 0.25 -0.131742 0.982085 0.134733
-0.623436 4.00361 -0.298565 0.5 0.125 -0.131742 0.990944 0.025954
-1.15196 3.94736 -0.83342 0.5 0.25 -0.131742 0.990944 0.025954
-1.62912 3.85385 0.314737 0.375 0.25 -0.131742 0.990944 0.025954
0 4.02458 -0.555948 0.625 0.125 -0.054569 0.997209 -0.050964
0 3.98609 -1.309 0.625 0.25 -0.054569 0.997209 -0.050964
-1.15196 3.94736 -0.83342 0.5 0.25 -0.054569 0.997209 -0.050964
0.623436 4.00361 -0.298565 0.75 0.125 0.054569 0.997209 -0.050964
1.15196 3.94736 -0.83342 0.75 0.25 0.054569 0.997209 -0.050964
0 3.98609 -1.309 0.625 0.25 0.054569 0.997209 -0.050964
0.881671 3.95301 0.322813 0.875 0.125 0.131742 0.990944 0.025954
1.62912 3.85385 0.314737 0.875 0.25 0.131742 0.990944 0.025954
1.15196 3.94736 -0.83342 0.75 0.25 0.131742 0.990944 0.025954
0.623436 3.9024 0.944192 1 0.125 0.131742 0.982085 0.134733
1.15196 3.76034 1.4629 1 0.25 0.131742 0.982085 0.134733
1.62912 3.85385 0.314737 0.875 0.25 0.131742 0.982085 0.134733
0 3.98783 0.325649 0.0625 0 0.016397 0.992571 0.120555
0 3.88144 1.20158 0.125 0.125 0.016397 0.992571 0.120555
0.623436 3.9024 0.944192 0 0.125 0.016397 0.992571 0.120555
0 3.98783 0.325649 0.1875 0 -0.016397 0.992571 0.120555
-0.623436 3.9024 0.944192 0.25 0.125 -0.016397 0.992571 0.120555
0 3.88144 1.20158 0.125 0.125 -0.016397 0.992571 0.120555
0 3.98783 0.325649 0.3125 0 -0.039587 0.994454 0.097441
-0.881671 3.95301 0.322813 0.375 0.125 -0.039587 0.994454 0.097441
-0.623436 3.9024 0.944192 0.25 0.125 -0.039587 0.994454 0.097441
0 3.98783 0.325649 0.4375 0 -0.039587 0.997116 0.064756
-0.623436 4.00361 -0.298565 0.5 0.125 -0.039587 0.997116 0.064756
-0.881671 3.95301 0.322813 0.375 0.125 -0.039587 0.997116 0.064756
0 3.98783 0.325649 0.5625 0 -0.016398 0.998998 0.041642
0 4.02458 -0.555948 0.625 0.125 -0.016398 0.998998 0.041642
-0.623436 4.00361 -0.298565 0.5 0.125 -0.016398 0.998998 0.041642
0 3.98783 0.325649 0.6875 0 0.016398 0.998998 0.041642
0.623436 4.00361 -0.298565 0.75 0.125 0.016398 0.998998 0.041642
0 4.02458 -0.555948 0.625 0.125 0.016398 0.998998 0.041642
0 3.98783 0.325649 0.8125 0 0.039587 0.997116 0.064756
0.881671 3.95301 0.322813 0.875 0.125 0.039587 0.997116 0.064756
0.623436 4.00361 -0.298565 0.75 0.125 0.039587 0.997116 0.064756
0 3.98783 0.325649 0.9375 0 0.039587 0.994454 0.097441
0.623436 3.9024 0.944192 1 0.125 0.039587 0.994454 0.097441
0.881671 3.95301 0.322813 0.875 0.125 0.039587 0.994454 0.097441
