Vertex Count:912

Data:

2.85205 -3.76941 1.40771 -0.049447 0.833333 0.08371 -0.993027 0.083009
0.851515 -3.94996 1.26526 0.033886 0.916667 0.083705 -0.993022 0.083072
1.47487 -3.94984 0.641728 -0.049447 0.916667 0.083674 -0.992992 0.083463
1.64663 -3.7703 2.61451 0.033886 0.833333 0.083719 -0.993036 0.082891
0.851515 -3.94996 1.26526 0.033886 0.916667 0.083705 -0.993022 0.083072
2.85205 -3.76941 1.40771 -0.049447 0.833333 0.08371 -0.993027 0.083009
1.64663 -3.7703 2.61451 0.033886 0.833333 0.030746 -0.993003 0.114018
0 -3.95 1.49349 0.11722 0.916667 0.030733 -0.993001 0.114037
0.851515 -3.94996 1.26526 0.033886 0.916667 0.030648 -0.99299 0.11416
0 -3.77063 3.05623 0.11722 0.833333 0.030772 -0.993006 0.11398
0 -3.95 1.49349 0.11722 0.916667 0.030733 -0.993001 0.114037
1.64663 -3.7703 2.61451 0.033886 0.833333 0.030746 -0.993003 0.114018
0 -3.77063 3.05623 0.11722 0.833333 -0.030756 -0.992998 0.114054
-0.851515 -3.94996 1.26526 0.200553 0.916667 -0.030735 -0.993 0.114044
0 -3.95 1.49349 0.11722 0.916667 -0.0306 -0.993012 0.11398
-1.64663 -3.7703 2.61451 0.200553 0.833333 -0.030797 -0.992995 0.114073
-0.851515 -3.94996 1.26526 0.200553 0.916667 -0.030735 -0.993 0.114044
0 -3.77063 3.05623 0.11722 0.833333 -0.030756 -0.992998 0.114054
-1.64663 -3.7703 2.61451 0.200553 0.833333 -0.083779 -0.993015 0.083079
-1.47487 -3.94984 0.641728 0.283886 0.916667 -0.083717 -0.99302 0.083085
-0.851515 -3.94996 1.26526 0.200553 0.916667 -0.083332 -0.993049 0.083121
-2.85205 -3.76941 1.40771 0.283886 0.833333 -0.083896 -0.993006 0.083068
-1.47487 -3.94984 0.641728 0.283886 0.916667 -0.083717 -0.99302 0.083085
-1.64663 -3.7703 2.61451 0.200553 0.833333 -0.083779 -0.993015 0.083079
-2.85205 -3.76941 1.40771 0.283886 0.833333 -0.113789 -0.993057 0.02984
-1.70303 -3.94968 -0.210035 0.36722 0.916667 -0.113723 -0.993063 0.029888
-1.47487 -3.94984 0.641728 0.283886 0.916667 -0.11333 -0.993099 0.030171
-3.29326 -3.7682 -0.240797 0.36722 0.833333 -0.113908 -0.993046 0.029754
-1.70303 -3.94968 -0.210035 0.36722 0.916667 -0.113723 -0.993063 0.029888
-2.85205 -3.76941 1.40771 0.283886 0.833333 -0.113789 -0.993057 0.02984
-3.29326 -3.7682 -0.240797 0.36722 0.833333 -0.112966 -0.99312 -0.030861
-1.47487 -3.94952 -1.0618 0.450553 0.916667 -0.112935 -0.993125 -0.030791
-1.70303 -3.94968 -0.210035 0.36722 0.916667 -0.112758 -0.993158 -0.030392
-2.85205 -3.76698 -1.88931 0.450553 0.833333 -0.113019 -0.99311 -0.030981
-1.47487 -3.94952 -1.0618 0.450553 0.916667 -0.112935 -0.993125 -0.030791
-3.29326 -3.7682 -0.240797 0.36722 0.833333 -0.112966 -0.99312 -0.030861
-2.85205 -3.76698 -1.88931 0.450553 0.833333 -0.082137 -0.993186 -0.08268
-0.851515 -3.94941 -1.68533 0.533886 0.916667 -0.082143 -0.99319 -0.082627
-1.47487 -3.94952 -1.0618 0.450553 0.916667 -0.082175 -0.993211 -0.082337
-1.64663 -3.76609 -3.0961 0.533886 0.833333 -0.082128 -0.993179 -0.082768
-0.851515 -3.94941 -1.68533 0.533886 0.916667 -0.082143 -0.99319 -0.082627
-2.85205 -3.76698 -1.88931 0.450553 0.833333 -0.082137 -0.993186 -0.08268
-1.64663 -3.76609 -3.0961 0.533886 0.833333 -0.029938 -0.993229 -0.112246
0 -3.94936 -1.91356 0.61722 0.916667 -0.02995 -0.993231 -0.112231
-0.851515 -3.94941 -1.68533 0.533886 0.916667 -0.030009 -0.993238 -0.11215
0 -3.76576 -3.53782 0.61722 0.833333 -0.029921 -0.993227 -0.11227
0 -3.94936 -1.91356 0.61722 0.916667 -0.02995 -0.993231 -0.112231
-1.64663 -3.76609 -3.0961 0.533886 0.833333 -0.029938 -0.993229 -0.112246
0 -3.76576 -3.53782 0.61722 0.833333 0.029932 -0.993232 -0.112221
0.851515 -3.94941 -1.68533 0.700553 0.916667 0.029949 -0.993231 -0.112228
0 -3.94936 -1.91356 0.61722 0.916667 0.030041 -0.993224 -0.11227
1.64663 -3.76609 -3.0961 0.700553 0.833333 0.029904 -0.993235 -0.112208
0.851515 -3.94941 -1.68533 0.700553 0.916667 0.029949 -0.993231 -0.112228
0 -3.76576 -3.53782 0.61722 0.833333 0.029932 -0.993232 -0.112221
1.64663 -3.76609 -3.0961 0.700553 0.833333 0.082083 -0.993195 -0.082627
1.47487 -3.94952 -1.0618 0.783886 0.916667 0.082137 -0.993191 -0.082622
0.851515 -3.94941 -1.68533 0.700553 0.916667 0.082432 -0.993168 -0.082595
2.85205 -3.76698 -1.88931 0.783886 0.833333 0.081995 -0.993201 -0.082635
1.47487 -3.94952 -1.0618 0.783886 0.916667 0.082137 -0.993191 -0.082622
1.64663 -3.76609 -3.0961 0.700553 0.833333 0.082083 -0.993195 -0.082627
2.85205 -3.76698 -1.88931 0.783886 0.833333 0.112856 -0.993133 -0.030832
1.70303 -3.94968 -0.210035 0.86722 0.916667 0.112919 -0.993127 -0.030788
1.47487 -3.94952 -1.0618 0.783886 0.916667 0.113287 -0.993093 -0.030533
3.29326 -3.7682 -0.240797 0.86722 0.833333 0.112746 -0.993143 -0.030909
1.70303 -3.94968 -0.210035 0.86722 0.916667 0.112919 -0.993127 -0.030788
2.85205 -3.76698 -1.88931 0.783886 0.833333 0.112856 -0.993133 -0.030832
3.29326 -3.7682 -0.240797 0.86722 0.833333 0.113669 -0.993071 0.029808
1.47487 -3.94984 0.641728 0.950553 0.916667 0.113704 -0.993065 0.029881
1.70303 -3.94968 -0.210035 0.86722 0.916667 0.113917 -0.993027 0.030328
2.85205 -3.76941 1.40771 0.950553 0.833333 0.113605 -0.993083 0.029673
1.47487 -3.94984 0.641728 0.950553 0.916667 0.113704 -0.993065 0.029881
3.29326 -3.7682 -0.240797 0.86722 0.833333 0.113669 -0.993071 0.029808
3.49331 -3.31752 1.70554 -0.049447 0.75 0.39787 -0.827524 0.396111
1.64663 -3.7703 2.61451 0.033886 0.833333 0.397412 -0.828394 0.394748
2.85205 -3.76941 1.40771 -0.049447 0.833333 0.39822 -0.826855 0.397155
2.01686 -3.32064 3.18682 0.033886 0.75 0.397222 -0.828755 0.394182
1.64663 -3.7703 2.61451 0.033886 0.833333 0.397412 -0.828394 0.394748
3.49331 -3.31752 1.70554 -0.049447 0.75 0.39787 -0.827524 0.396111
2.01686 -3.32064 3.18682 0.033886 0.75 0.14784 -0.822161 0.549722
0 -3.77063 3.05623 0.11722 0.833333 0.147965 -0.822548 0.549109
1.64663 -3.7703 2.61451 0.033886 0.833333 0.147748 -0.82188 0.550167
0 -3.32179 3.729 0.11722 0.75 0.148015 -0.822701 0.548868
0 -3.77063 3.05623 0.11722 0.833333 0.147965 -0.822548 0.549109
2.01686 -3.32064 3.18682 0.033886 0.75 0.14784 -0.822161 0.549722
0 -3.32179 3.729 0.11722 0.75 -0.147708 -0.822504 0.549245
-1.64663 -3.7703 2.61451 0.200553 0.833333 -0.148127 -0.822119 0.549708
0 -3.77063 3.05623 0.11722 0.833333 -0.147413 -0.822775 0.548917
-2.01686 -3.32064 3.18682 0.200553 0.75 -0.148289 -0.82197 0.549888
-1.64663 -3.7703 2.61451 0.200553 0.833333 -0.148127 -0.822119 0.549708
0 -3.32179 3.729 0.11722 0.75 -0.147708 -0.822504 0.549245
-2.01686 -3.32064 3.18682 0.200553 0.75 -0.397059 -0.828287 0.395328
-2.85205 -3.76941 1.40771 0.283886 0.833333 -0.398424 -0.827429 0.395751
-1.64663 -3.7703 2.61451 0.200553 0.833333 -0.396089 -0.828896 0.395025
-3.49331 -3.31752 1.70554 0.283886 0.75 -0.398961 -0.827091 0.395918
-2.85205 -3.76941 1.40771 0.283886 0.833333 -0.398424 -0.827429 0.395751
-2.01686 -3.32064 3.18682 0.200553 0.75 -0.397059 -0.828287 0.395328
-3.49331 -3.31752 1.70554 0.283886 0.75 -0.527004 -0.838263 0.139933
-3.29326 -3.7682 -0.240797 0.36722 0.833333 -0.528325 -0.837484 0.139617
-2.85205 -3.76941 1.40771 0.283886 0.833333 -0.526023 -0.83884 0.140168
-4.03373 -3.31326 -0.317909 0.36722 0.75 -0.528874 -0.83716 0.139485
-3.29326 -3.7682 -0.240797 0.36722 0.833333 -0.528325 -0.837484 0.139617
-3.49331 -3.31752 1.70554 0.283886 0.75 -0.527004 -0.838263 0.139933
-4.03373 -3.31326 -0.317909 0.36722 0.75 -0.508648 -0.849993 -0.137074
-2.85205 -3.76698 -1.88931 0.450553 0.833333 -0.509201 -0.849575 -0.13761
-3.29326 -3.7682 -0.240797 0.36722 0.833333 -0.508207 -0.850326 -0.136645
-3.49331 -3.30899 -2.34136 0.450553 0.75 -0.50945 -0.849386 -0.137853
-2.85205 -3.76698 -1.88931 0.450553 0.833333 -0.509201 -0.849575 -0.13761
-4.03373 -3.31326 -0.317909 0.36722 0.75 -0.508648 -0.849993 -0.137074
-3.49331 -3.30899 -2.34136 0.450553 0.75 -0.360363 -0.860236 -0.360739
-1.64663 -3.76609 -3.0961 0.533886 0.833333 -0.36043 -0.860107 -0.360981
-2.85205 -3.76698 -1.88931 0.450553 0.833333 -0.360305 -0.860348 -0.360529
-2.01686 -3.30587 -3.82263 0.533886 0.75 -0.360463 -0.860042 -0.361101
-1.64663 -3.76609 -3.0961 0.533886 0.833333 -0.36043 -0.860107 -0.360981
-3.49331 -3.30899 -2.34136 0.450553 0.75 -0.360363 -0.860236 -0.360739
-2.01686 -3.30587 -3.82263 0.533886 0.75 -0.129322 -0.866137 -0.482786
0 -3.76576 -3.53782 0.61722 0.833333 -0.129313 -0.866119 -0.48282
-1.64663 -3.76609 -3.0961 0.533886 0.833333 -0.12933 -0.866153 -0.482755
0 -3.30473 -4.36482 0.61722 0.75 -0.129308 -0.86611 -0.482839
0 -3.76576 -3.53782 0.61722 0.833333 -0.129313 -0.866119 -0.48282
-2.01686 -3.30587 -3.82263 0.533886 0.75 -0.129322 -0.866137 -0.482786
0 -3.30473 -4.36482 0.61722 0.75 0.129329 -0.866122 -0.482812
1.64663 -3.76609 -3.0961 0.700553 0.833333 0.129304 -0.86614 -0.482786
0 -3.76576 -3.53782 0.61722 0.833333 0.129352 -0.866105 -0.482836
2.01686 -3.30587 -3.82263 0.700553 0.75 0.12929 -0.866149 -0.482772
1.64663 -3.76609 -3.0961 0.700553 0.833333 0.129304 -0.86614 -0.482786
0 -3.30473 -4.36482 0.61722 0.75 0.129329 -0.866122 -0.482812
2.01686 -3.30587 -3.82263 0.700553 0.75 0.360495 -0.860124 -0.360875
2.85205 -3.76698 -1.88931 0.783886 0.833333 0.360252 -0.860256 -0.360802
1.64663 -3.76609 -3.0961 0.700553 0.833333 0.36072 -0.86 -0.360943
3.49331 -3.30899 -2.34136 0.783886 0.75 0.360123 -0.860326 -0.360764
2.85205 -3.76698 -1.88931 0.783886 0.833333 0.360252 -0.860256 -0.360802
2.01686 -3.30587 -3.82263 0.700553 0.75 0.360495 -0.860124 -0.360875
3.49331 -3.30899 -2.34136 0.783886 0.75 0.509216 -0.849626 -0.137241
3.29326 -3.7682 -0.240797 0.86722 0.833333 0.508455 -0.850055 -0.137407
2.85205 -3.76698 -1.88931 0.783886 0.833333 0.509886 -0.849248 -0.137095
4.03373 -3.31326 -0.317909 0.86722 0.75 0.508081 -0.850265 -0.137488
3.29326 -3.7682 -0.240797 0.86722 0.833333 0.508455 -0.850055 -0.137407
3.49331 -3.30899 -2.34136 0.783886 0.75 0.509216 -0.849626 -0.137241
4.03373 -3.31326 -0.317909 0.86722 0.75 0.528035 -0.837573 0.140183
2.85205 -3.76941 1.40771 0.950553 0.833333 0.52701 -0.83837 0.139271
3.29326 -3.7682 -0.240797 0.86722 0.833333 0.528875 -0.836917 0.140932
3.49331 -3.31752 1.70554 0.950553 0.75 0.526549 -0.838727 0.138862
2.85205 -3.76941 1.40771 0.950553 0.833333 0.52701 -0.83837 0.139271
4.03373 -3.31326 -0.317909 0.86722 0.75 0.528035 -0.837573 0.140183
4.03017 -2.44724 1.87732 -0.049447 0.666667 0.614012 -0.501279 0.609679
2.01686 -3.32064 3.18682 0.033886 0.75 0.613863 -0.503674 0.607852
3.49331 -3.31752 1.70554 -0.049447 0.75 0.614122 -0.499448 0.61107
2.32682 -2.45532 3.59316 0.033886 0.666667 0.613787 -0.504869 0.606937
2.01686 -3.32064 3.18682 0.033886 0.75 0.613863 -0.503674 0.607852
4.03017 -2.44724 1.87732 -0.049447 0.666667 0.614012 -0.501279 0.609679
2.32682 -2.45532 3.59316 0.033886 0.666667 0.228327 -0.480402 0.846806
0 -3.32179 3.729 0.11722 0.75 0.228706 -0.481535 0.84606
2.01686 -3.32064 3.18682 0.033886 0.75 0.228057 -0.479593 0.847338
0 -2.45828 4.22121 0.11722 0.666667 0.228883 -0.482066 0.84571
0 -3.32179 3.729 0.11722 0.75 0.228706 -0.481535 0.84606
2.32682 -2.45532 3.59316 0.033886 0.666667 0.228327 -0.480402 0.846806
0 -2.45828 4.22121 0.11722 0.666667 -0.228173 -0.481435 0.846261
-2.01686 -3.32064 3.18682 0.200553 0.75 -0.228882 -0.480312 0.846707
0 -3.32179 3.729 0.11722 0.75 -0.227686 -0.482205 0.845953
-2.32682 -2.45532 3.59316 0.200553 0.666667 -0.229204 -0.479802 0.846909
-2.01686 -3.32064 3.18682 0.200553 0.75 -0.228882 -0.480312 0.846707
0 -2.45828 4.22121 0.11722 0.666667 -0.228173 -0.481435 0.846261
-2.32682 -2.45532 3.59316 0.200553 0.666667 -0.613095 -0.503434 0.608826
-3.49331 -3.31752 1.70554 0.283886 0.75 -0.614931 -0.501104 0.608896
-2.01686 -3.32064 3.18682 0.200553 0.75 -0.611831 -0.505031 0.608774
-4.03017 -2.44724 1.87732 0.283886 0.666667 -0.615767 -0.500039 0.608926
-3.49331 -3.31752 1.70554 0.283886 0.75 -0.614931 -0.501104 0.608896
-2.32682 -2.45532 3.59316 0.200553 0.666667 -0.613095 -0.503434 0.608826
-4.03017 -2.44724 1.87732 0.283886 0.666667 -0.812451 -0.5419 0.215098
-4.03373 -3.31326 -0.317909 0.36722 0.75 -0.813781 -0.540172 0.214418
-3.49331 -3.31752 1.70554 0.283886 0.75 -0.811493 -0.543141 0.215586
-4.65364 -2.43619 -0.466571 0.36722 0.666667 -0.814417 -0.539342 0.214091
-4.03373 -3.31326 -0.317909 0.36722 0.75 -0.813781 -0.540172 0.214418
-4.03017 -2.44724 1.87732 0.283886 0.666667 -0.812451 -0.5419 0.215098
-4.65364 -2.43619 -0.466571 0.36722 0.666667 -0.78149 -0.587447 -0.210188
-3.49331 -3.30899 -2.34136 0.450553 0.75 -0.781732 -0.586996 -0.210548
-4.03373 -3.31326 -0.317909 0.36722 0.75 -0.7813 -0.587802 -0.209905
-4.03017 -2.42514 -2.81046 0.450553 0.666667 -0.78186 -0.586757 -0.210738
-3.49331 -3.30899 -2.34136 0.450553 0.75 -0.781732 -0.586996 -0.210548
-4.65364 -2.43619 -0.466571 0.36722 0.666667 -0.78149 -0.587447 -0.210188
-4.03017 -2.42514 -2.81046 0.450553 0.666667 -0.551077 -0.627197 -0.550398
-2.01686 -3.30587 -3.82263 0.533886 0.75 -0.551055 -0.627443 -0.55014
-3.49331 -3.30899 -2.34136 0.450553 0.75 -0.551097 -0.626982 -0.550623
-2.32682 -2.41706 -4.52631 0.533886 0.666667 -0.551042 -0.627589 -0.549987
-2.01686 -3.30587 -3.82263 0.533886 0.75 -0.551055 -0.627443 -0.55014
-4.03017 -2.42514 -2.81046 0.450553 0.666667 -0.551077 -0.627197 -0.550398
-2.32682 -2.41706 -4.52631 0.533886 0.666667 -0.197049 -0.650036 -0.733911
0 -3.30473 -4.36482 0.61722 0.75 -0.197131 -0.650217 -0.733728
-2.01686 -3.30587 -3.82263 0.533886 0.75 -0.196972 -0.649864 -0.734084
0 -2.4141 -5.15435 0.61722 0.666667 -0.197185 -0.650336 -0.733608
0 -3.30473 -4.36482 0.61722 0.75 -0.197131 -0.650217 -0.733728
-2.32682 -2.41706 -4.52631 0.533886 0.666667 -0.197049 -0.650036 -0.733911
0 -2.4141 -5.15435 0.61722 0.666667 0.197015 -0.650198 -0.733776
2.01686 -3.30587 -3.82263 0.700553 0.75 0.197176 -0.650014 -0.733896
0 -3.30473 -4.36482 0.61722 0.75 0.196856 -0.65038 -0.733658
2.32682 -2.41706 -4.52631 0.700553 0.666667 0.197285 -0.649889 -0.733977
2.01686 -3.30587 -3.82263 0.700553 0.75 0.197176 -0.650014 -0.733896
0 -2.4141 -5.15435 0.61722 0.666667 0.197015 -0.650198 -0.733776
2.32682 -2.41706 -4.52631 0.700553 0.666667 0.550954 -0.627421 -0.550266
3.49331 -3.30899 -2.34136 0.783886 0.75 0.551212 -0.627164 -0.5503
2.01686 -3.30587 -3.82263 0.700553 0.75 0.550705 -0.627668 -0.550234
4.03017 -2.42514 -2.81046 0.783886 0.666667 0.551383 -0.626996 -0.550322
3.49331 -3.30899 -2.34136 0.783886 0.75 0.551212 -0.627164 -0.5503
2.32682 -2.41706 -4.52631 0.700553 0.666667 0.550954 -0.627421 -0.550266
4.03017 -2.42514 -2.81046 0.783886 0.666667 0.781778 -0.587032 -0.21028
4.03373 -3.31326 -0.317909 0.86722 0.75 0.781376 -0.587506 -0.210448
3.49331 -3.30899 -2.34136 0.783886 0.75 0.78214 -0.586603 -0.210127
4.65364 -2.43619 -0.466571 0.86722 0.666667 0.781133 -0.587793 -0.21055
4.03373 -3.31326 -0.317909 0.86722 0.75 0.781376 -0.587506 -0.210448
4.03017 -2.42514 -2.81046 0.783886 0.666667 0.781778 -0.587032 -0.21028
4.65364 -2.43619 -0.466571 0.86722 0.666667 0.813458 -0.540301 0.215317
3.49331 -3.31752 1.70554 0.950553 0.75 0.812575 -0.542104 0.214113
4.03373 -3.31326 -0.317909 0.86722 0.75 0.814187 -0.538803 0.216314
4.03017 -2.44724 1.87732 0.950553 0.666667 0.812091 -0.543089 0.213455
3.49331 -3.31752 1.70554 0.950553 0.75 0.812575 -0.542104 0.214113
4.65364 -2.43619 -0.466571 0.86722 0.666667 0.813458 -0.540301 0.215317
4.38497 -1.41012 1.91854 -0.049447 0.583333 0.685814 -0.263589 0.678365
2.32682 -2.45532 3.59316 0.033886 0.666667 0.686146 -0.266785 0.676778
4.03017 -2.44724 1.87732 -0.049447 0.666667 0.685598 -0.26155 0.679372
2.53167 -1.42468 3.79434 0.033886 0.583333 0.686307 -0.268359 0.675993
2.32682 -2.45532 3.59316 0.033886 0.666667 0.686146 -0.266785 0.676778
4.38497 -1.41012 1.91854 -0.049447 0.583333 0.685814 -0.263589 0.678365
2.53167 -1.42468 3.79434 0.033886 0.583333 0.253978 -0.234561 0.938337
0 -2.45828 4.22121 0.11722 0.666667 0.254515 -0.236096 0.937806
2.32682 -2.45532 3.59316 0.033886 0.666667 0.253654 -0.233638 0.938655
0 -1.43001 4.48094 0.11722 0.583333 0.254765 -0.236813 0.937558
0 -2.45828 4.22121 0.11722 0.666667 0.254515 -0.236096 0.937806
2.53167 -1.42468 3.79434 0.033886 0.583333 0.253978 -0.234561 0.938337
0 -1.43001 4.48094 0.11722 0.583333 -0.25388 -0.236019 0.937998
-2.32682 -2.45532 3.59316 0.200553 0.666667 -0.254618 -0.234499 0.938179
0 -2.45828 4.22121 0.11722 0.666667 -0.253453 -0.236897 0.937892
-2.53167 -1.42468 3.79434 0.200553 0.583333 -0.254949 -0.233818 0.938259
-2.32682 -2.45532 3.59316 0.200553 0.666667 -0.254618 -0.234499 0.938179
0 -1.43001 4.48094 0.11722 0.583333 -0.25388 -0.236019 0.937998
-2.53167 -1.42468 3.79434 0.200553 0.583333 -0.685202 -0.266589 0.677811
-4.03017 -2.44724 1.87732 0.283886 0.666667 -0.686802 -0.263485 0.677406
-2.32682 -2.45532 3.59316 0.200553 0.666667 -0.684287 -0.268357 0.678038
-4.38497 -1.41012 1.91854 0.283886 0.583333 -0.687504 -0.262116 0.677225
-4.03017 -2.44724 1.87732 0.283886 0.666667 -0.686802 -0.263485 0.677406
-2.53167 -1.42468 3.79434 0.200553 0.583333 -0.685202 -0.266589 0.677811
-4.38497 -1.41012 1.91854 0.283886 0.583333 -0.915628 -0.32146 0.24143
-4.65364 -2.43619 -0.466571 0.36722 0.666667 -0.916562 -0.319383 0.240641
-4.03017 -2.44724 1.87732 0.283886 0.666667 -0.915081 -0.322672 0.241889
-5.06333 -1.39024 -0.64386 0.36722 0.583333 -0.916981 -0.318448 0.240286
-4.65364 -2.43619 -0.466571 0.36722 0.666667 -0.916562 -0.319383 0.240641
-4.38497 -1.41012 1.91854 0.283886 0.583333 -0.915628 -0.32146 0.24143
-5.06333 -1.39024 -0.64386 0.36722 0.583333 -0.889843 -0.388939 -0.238548
-4.03017 -2.42514 -2.81046 0.450553 0.666667 -0.889858 -0.388885 -0.238581
-4.65364 -2.43619 -0.466571 0.36722 0.666667 -0.889834 -0.388973 -0.238527
-4.38497 -1.37035 -3.20626 0.450553 0.583333 -0.889865 -0.38886 -0.238597
-4.03017 -2.42514 -2.81046 0.450553 0.666667 -0.889858 -0.388885 -0.238581
-5.06333 -1.39024 -0.64386 0.36722 0.583333 -0.889843 -0.388939 -0.238548
-4.38497 -1.37035 -3.20626 0.450553 0.583333 -0.632927 -0.450083 -0.629943
-2.32682 -2.41706 -4.52631 0.533886 0.666667 -0.632955 -0.451011 -0.629252
-4.03017 -2.42514 -2.81046 0.450553 0.666667 -0.632907 -0.449449 -0.630416
-2.53167 -1.3558 -5.08206 0.533886 0.583333 -0.632969 -0.451506 -0.628882
-2.32682 -2.41706 -4.52631 0.533886 0.666667 -0.632955 -0.451011 -0.629252
-4.38497 -1.37035 -3.20626 0.450553 0.583333 -0.632927 -0.450083 -0.629943
-2.53167 -1.3558 -5.08206 0.533886 0.583333 -0.22734 -0.486208 -0.843753
0 -2.4141 -5.15435 0.61722 0.666667 -0.227538 -0.486706 -0.843412
-2.32682 -2.41706 -4.52631 0.533886 0.666667 -0.227192 -0.485837 -0.844006
0 -1.35047 -5.76865 0.61722 0.583333 -0.227655 -0.486999 -0.843211
0 -2.4141 -5.15435 0.61722 0.666667 -0.227538 -0.486706 -0.843412
-2.53167 -1.3558 -5.08206 0.533886 0.583333 -0.22734 -0.486208 -0.843753
0 -1.35047 -5.76865 0.61722 0.583333 0.227275 -0.486681 -0.843497
2.32682 -2.41706 -4.52631 0.700553 0.666667 0.227614 -0.486175 -0.843698
0 -2.4141 -5.15435 0.61722 0.666667 0.227011 -0.487075 -0.843341
2.53167 -1.3558 -5.08206 0.700553 0.583333 0.227823 -0.485862 -0.843821
2.32682 -2.41706 -4.52631 0.700553 0.666667 0.227614 -0.486175 -0.843698
0 -1.35047 -5.76865 0.61722 0.583333 0.227275 -0.486681 -0.843497
2.53167 -1.3558 -5.08206 0.700553 0.583333 0.632618 -0.450977 -0.629614
4.03017 -2.42514 -2.81046 0.783886 0.666667 0.633307 -0.450011 -0.629613
2.32682 -2.41706 -4.52631 0.700553 0.666667 0.632088 -0.45172 -0.629614
4.38497 -1.37035 -3.20626 0.783886 0.583333 0.633725 -0.449423 -0.629613
4.03017 -2.42514 -2.81046 0.783886 0.666667 0.633307 -0.450011 -0.629613
2.53167 -1.3558 -5.08206 0.700553 0.583333 0.632618 -0.450977 -0.629614
4.38497 -1.37035 -3.20626 0.783886 0.583333 0.889865 -0.388887 -0.238554
4.65364 -2.43619 -0.466571 0.86722 0.666667 0.889834 -0.388944 -0.238574
4.03017 -2.42514 -2.81046 0.783886 0.666667 0.889887 -0.388845 -0.23854
5.06333 -1.39024 -0.64386 0.86722 0.583333 0.889817 -0.388977 -0.238585
4.65364 -2.43619 -0.466571 0.86722 0.666667 0.889834 -0.388944 -0.238574
4.38497 -1.37035 -3.20626 0.783886 0.583333 0.889865 -0.388887 -0.238554
5.06333 -1.39024 -0.64386 0.86722 0.583333 0.916297 -0.319444 0.241567
4.03017 -2.44724 1.87732 0.950553 0.666667 0.915828 -0.321614 0.240465
4.65364 -2.43619 -0.466571 0.86722 0.666667 0.916615 -0.317961 0.242319
4.38497 -1.41012 1.91854 0.950553 0.583333 0.915578 -0.322761 0.239881
4.03017 -2.44724 1.87732 0.950553 0.666667 0.915828 -0.321614 0.240465
5.06333 -1.39024 -0.64386 0.86722 0.583333 0.916297 -0.319444 0.241567
2.59232 -0.009302 3.64417 0.033886 0.5 0.712663 0.043745 0.700141
2.53167 -1.42468 3.79434 0.033886 0.583333 0.711925 0.045661 0.70077
4.49003 0.013584 1.71109 -0.049447 0.5 0.71107 0.047868 0.70149
0 -0.017678 4.35173 0.11722 0.5 0.262027 0.087922 0.961047
0 -1.43001 4.48094 0.11722 0.583333 0.261555 0.088811 0.961094
2.59232 -0.009302 3.64417 0.033886 0.5 0.260987 0.089879 0.961149
0 -0.017678 4.35173 0.11722 0.5 -0.261006 0.088841 0.96124
-2.53167 -1.42468 3.79434 0.200553 0.583333 -0.261535 0.089889 0.960999
0 -1.43001 4.48094 0.11722 0.583333 -0.26056 0.087958 0.961443
-2.59232 -0.009302 3.64417 0.200553 0.5 -0.261953 0.090716 0.960808
-2.53167 -1.42468 3.79434 0.200553 0.583333 -0.261535 0.089889 0.960999
0 -0.017678 4.35173 0.11722 0.5 -0.261006 0.088841 0.96124
-2.59232 -0.009302 3.64417 0.200553 0.5 -0.711116 0.045765 0.701584
-4.38497 -1.41012 1.91854 0.283886 0.583333 -0.711874 0.047854 0.700675
-2.53167 -1.42468 3.79434 0.200553 0.583333 -0.710498 0.044069 0.702318
-4.49003 0.013584 1.71109 0.283886 0.5 -0.71244 0.049423 0.69999
-4.38497 -1.41012 1.91854 0.283886 0.583333 -0.711874 0.047854 0.700675
-2.59232 -0.009302 3.64417 0.200553 0.5 -0.711116 0.045765 0.701584
-4.49003 0.013584 1.71109 0.283886 0.5 -0.966368 -0.033148 0.255018
-5.06333 -1.39024 -0.64386 0.36722 0.583333 -0.966572 -0.032008 0.254389
-4.38497 -1.41012 1.91854 0.283886 0.583333 -0.966203 -0.034064 0.255524
-5.18464 0.044847 -0.929541 0.36722 0.5 -0.966722 -0.031167 0.253924
-5.06333 -1.39024 -0.64386 0.36722 0.583333 -0.966572 -0.032008 0.254389
-4.49003 0.013584 1.71109 0.283886 0.5 -0.966368 -0.033148 0.255018
-5.18464 0.044847 -0.929541 0.36722 0.5 -0.958042 -0.132222 -0.25431
-4.38497 -1.37035 -3.20626 0.450553 0.583333 -0.958058 -0.132881 -0.253906
-5.06333 -1.39024 -0.64386 0.36722 0.583333 -0.958028 -0.131673 -0.254646
-4.49003 0.076109 -3.57018 0.450553 0.5 -0.95807 -0.133385 -0.253596
-4.38497 -1.37035 -3.20626 0.450553 0.583333 -0.958058 -0.132881 -0.253906
-5.18464 0.044847 -0.929541 0.36722 0.5 -0.958042 -0.132222 -0.25431
-4.49003 0.076109 -3.57018 0.450553 0.5 -0.692948 -0.224201 -0.685242
-2.53167 -1.3558 -5.08206 0.533886 0.583333 -0.693335 -0.225645 -0.684376
-4.38497 -1.37035 -3.20626 0.450553 0.583333 -0.692598 -0.222899 -0.686021
-2.59232 0.098995 -5.50325 0.533886 0.5 -0.693657 -0.226851 -0.683651
-2.53167 -1.3558 -5.08206 0.533886 0.583333 -0.693335 -0.225645 -0.684376
-4.49003 0.076109 -3.57018 0.450553 0.5 -0.692948 -0.224201 -0.685242
-2.59232 0.098995 -5.50325 0.533886 0.5 -0.251172 -0.279533 -0.9267
0 -1.35047 -5.76865 0.61722 0.583333 -0.251534 -0.280235 -0.92639
-2.53167 -1.3558 -5.08206 0.533886 0.583333 -0.250818 -0.278843 -0.927004
0 0.107372 -6.21081 0.61722 0.5 -0.251866 -0.280882 -0.926104
0 -1.35047 -5.76865 0.61722 0.583333 -0.251534 -0.280235 -0.92639
-2.59232 0.098995 -5.50325 0.533886 0.5 -0.251172 -0.279533 -0.9267
2.59232 0.098995 -5.50325 0.700553 0.5 0.252032 -0.278802 -0.926687
2.53167 -1.3558 -5.08206 0.700553 0.583333 0.251584 -0.279508 -0.926596
0 0.107372 -6.21081 0.61722 0.5 0.251125 -0.280229 -0.926503
4.49003 0.076109 -3.57018 0.783886 0.5 0.694382 -0.222599 -0.684312
4.38497 -1.37035 -3.20626 0.783886 0.583333 0.693565 -0.224116 -0.684645
2.59232 0.098995 -5.50325 0.700553 0.5 0.692731 -0.225662 -0.684983
5.18464 0.044847 -0.929541 0.86722 0.5 0.958319 -0.131497 -0.253639
5.06333 -1.39024 -0.64386 0.86722 0.583333 0.958145 -0.132176 -0.253945
4.49003 0.076109 -3.57018 0.783886 0.5 0.957959 -0.132894 -0.254269
4.49003 0.013584 1.71109 0.950553 0.5 0.966631 -0.034337 0.253862
4.38497 -1.41012 1.91854 0.950553 0.583333 0.966528 -0.033222 0.254403
5.18464 0.044847 -0.929541 0.86722 0.5 0.966412 -0.031988 0.255001
4.30567 1.33281 1.43282 -0.049447 0.416667 0.690363 0.242026 0.681779
2.59232 -0.009302 3.64417 0.033886 0.5 0.689003 0.244546 0.682255
4.49003 0.013584 1.71109 -0.049447 0.5 0.691262 0.240351 0.68146
2.48485 1.22684 3.30574 0.033886 0.416667 0.687836 0.246698 0.682658
2.59232 -0.009302 3.64417 0.033886 0.5 0.689003 0.244546 0.682255
4.30567 1.33281 1.43282 -0.049447 0.416667 0.690363 0.242026 0.681779
2.48485 1.22684 3.30574 0.033886 0.416667 0.251993 0.276344 0.927434
0 -0.017678 4.35173 0.11722 0.5 0.251563 0.277109 0.927322
2.59232 -0.009302 3.64417 0.033886 0.5 0.252264 0.275862 0.927504
0 1.18826 3.99058 0.11722 0.416667 0.251241 0.277681 0.927238
0 -0.017678 4.35173 0.11722 0.5 0.251563 0.277109 0.927322
2.48485 1.22684 3.30574 0.033886 0.416667 0.251993 0.276344 0.927434
-2.48485 1.22684 3.30574 0.200553 0.416667 -0.251408 0.275852 0.927739
-2.59232 -0.009302 3.64417 0.200553 0.5 -0.251618 0.276368 0.927529
0 1.18826 3.99058 0.11722 0.416667 -0.251928 0.27713 0.927217
-4.30567 1.33281 1.43282 0.283886 0.416667 -0.68913 0.240497 0.683565
-4.49003 0.013584 1.71109 0.283886 0.5 -0.689423 0.242126 0.682694
-2.48485 1.22684 3.30574 0.200553 0.416667 -0.689865 0.244606 0.681362
-4.97457 1.47892 -1.13018 0.36722 0.416667 -0.950125 0.175268 0.25796
-5.18464 0.044847 -0.929541 0.36722 0.5 -0.95002 0.178285 0.256276
-4.30567 1.33281 1.43282 0.283886 0.416667 -0.949849 0.182595 0.253863
-4.31054 1.62661 -3.69841 0.450553 0.416667 -0.96536 0.091542 -0.244335
-4.49003 0.076109 -3.57018 0.450553 0.5 -0.964367 0.095832 -0.246604
-4.97457 1.47892 -1.13018 0.36722 0.416667 -0.963125 0.101051 -0.249358
-2.48972 1.73571 -5.5818 0.533886 0.416667 -0.719239 0.011748 -0.694664
-2.59232 0.098995 -5.50325 0.533886 0.5 -0.717357 0.016058 -0.69652
-4.31054 1.62661 -3.69841 0.450553 0.416667 -0.715503 0.020266 -0.698316
0 1.77585 -6.27187 0.61722 0.416667 -0.266404 -0.035249 -0.963217
0 0.107372 -6.21081 0.61722 0.5 -0.265206 -0.033262 -0.963618
-2.48972 1.73571 -5.5818 0.533886 0.416667 -0.264246 -0.031673 -0.963935
0 1.77585 -6.27187 0.61722 0.416667 0.264217 -0.033349 -0.963886
2.59232 0.098995 -5.50325 0.700553 0.5 0.265199 -0.031733 -0.963671
0 0.107372 -6.21081 0.61722 0.5 0.263041 -0.035282 -0.964139
2.48972 1.73571 -5.5818 0.700553 0.416667 0.266539 -0.029524 -0.963372
2.59232 0.098995 -5.50325 0.700553 0.5 0.265199 -0.031733 -0.963671
0 1.77585 -6.27187 0.61722 0.416667 0.264217 -0.033349 -0.963886
2.48972 1.73571 -5.5818 0.700553 0.416667 0.71549 0.015783 -0.698444
4.49003 0.076109 -3.57018 0.783886 0.5 0.717221 0.020159 -0.696554
2.59232 0.098995 -5.50325 0.700553 0.5 0.713627 0.011119 -0.700438
4.31054 1.62661 -3.69841 0.783886 0.416667 0.719456 0.025882 -0.694055
4.49003 0.076109 -3.57018 0.783886 0.5 0.717221 0.020159 -0.696554
2.48972 1.73571 -5.5818 0.700553 0.416667 0.71549 0.015783 -0.698444
4.31054 1.62661 -3.69841 0.783886 0.416667 0.963617 0.095503 -0.249644
5.18464 0.044847 -0.929541 0.86722 0.5 0.963844 0.100941 -0.246609
4.49003 0.076109 -3.57018 0.783886 0.5 0.963383 0.090651 -0.252341
4.97457 1.47892 -1.13018 0.86722 0.416667 0.964059 0.107206 -0.243098
5.18464 0.044847 -0.929541 0.86722 0.5 0.963844 0.100941 -0.246609
4.31054 1.62661 -3.69841 0.783886 0.416667 0.963617 0.095503 -0.249644
4.97457 1.47892 -1.13018 0.86722 0.416667 0.950684 0.17806 0.253958
4.49003 0.013584 1.71109 0.950553 0.5 0.94929 0.1825 0.256011
5.18464 0.044847 -0.929541 0.86722 0.5 0.951713 0.174725 0.252414
4.30567 1.33281 1.43282 0.950553 0.416667 0.947885 0.186896 0.258039
4.49003 0.013584 1.71109 0.950553 0.5 0.94929 0.1825 0.256011
4.97457 1.47892 -1.13018 0.86722 0.416667 0.950684 0.17806 0.253958
3.8831 2.43648 1.1534 -0.049447 0.333333 0.638737 0.414772 0.648058
2.48485 1.22684 3.30574 0.033886 0.416667 0.632107 0.423713 0.648775
4.30567 1.33281 1.43282 -0.049447 0.416667 0.642312 0.409886 0.647633
2.24016 2.25935 2.85616 0.033886 0.333333 0.626468 0.431192 0.649316
2.48485 1.22684 3.30574 0.033886 0.416667 0.632107 0.423713 0.648775
3.8831 2.43648 1.1534 -0.049447 0.333333 0.638737 0.414772 0.648058
2.24016 2.25935 2.85616 0.033886 0.333333 0.23196 0.435881 0.869599
0 1.18826 3.99058 0.11722 0.416667 0.229837 0.439166 0.868509
2.48485 1.22684 3.30574 0.033886 0.416667 0.233085 0.434135 0.870172
0 2.19486 3.47823 0.11722 0.333333 0.228232 0.441641 0.867677
0 1.18826 3.99058 0.11722 0.416667 0.229837 0.439166 0.868509
2.24016 2.25935 2.85616 0.033886 0.333333 0.23196 0.435881 0.869599
-2.24016 2.25935 2.85616 0.200553 0.333333 -0.229468 0.433774 0.871312
-2.48485 1.22684 3.30574 0.200553 0.416667 -0.230268 0.43607 0.869954
0 2.19486 3.47823 0.11722 0.333333 -0.231431 0.439411 0.867962
-3.8831 2.43648 1.1534 0.283886 0.333333 -0.635046 0.409041 0.655287
-4.30567 1.33281 1.43282 0.283886 0.416667 -0.635097 0.415189 0.65136
-2.24016 2.25935 2.85616 0.200553 0.333333 -0.63511 0.424525 0.645301
-4.48859 2.68074 -1.18028 0.36722 0.333333 -0.88884 0.370649 0.269413
-4.97457 1.47892 -1.13018 0.36722 0.416667 -0.886511 0.379633 0.264532
-3.8831 2.43648 1.1534 0.283886 0.333333 -0.882919 0.392735 0.257322
-3.89137 2.92765 -3.52281 0.450553 0.333333 -0.92407 0.324892 -0.201345
-4.31054 1.62661 -3.69841 0.450553 0.416667 -0.91942 0.335374 -0.205404
-4.48859 2.68074 -1.18028 0.36722 0.333333 -0.913248 0.348766 -0.210574
-2.24843 3.11008 -5.24326 0.533886 0.333333 -0.708363 0.283578 -0.646378
-2.48972 1.73571 -5.5818 0.533886 0.416667 -0.702971 0.292903 -0.648105
-3.89137 2.92765 -3.52281 0.450553 0.333333 -0.697187 0.30271 -0.649845
0 3.17721 -5.87418 0.61722 0.333333 -0.267928 0.263024 -0.92684
0 1.77585 -6.27187 0.61722 0.416667 -0.265359 0.267037 -0.926432
-2.24843 3.11008 -5.24326 0.533886 0.333333 -0.263097 0.270558 -0.926055
0 3.17721 -5.87418 0.61722 0.333333 0.263298 0.266713 -0.927113
2.48972 1.73571 -5.5818 0.700553 0.416667 0.265131 0.270189 -0.925583
0 1.77585 -6.27187 0.61722 0.416667 0.261601 0.263498 -0.928511
2.24843 3.11008 -5.24326 0.700553 0.333333 0.267381 0.274461 -0.923676
2.48972 1.73571 -5.5818 0.700553 0.416667 0.265131 0.270189 -0.925583
0 3.17721 -5.87418 0.61722 0.333333 0.263298 0.266713 -0.927113
2.24843 3.11008 -5.24326 0.700553 0.333333 0.699108 0.29222 -0.652577
4.31054 1.62661 -3.69841 0.783886 0.416667 0.701079 0.301676 -0.646127
2.48972 1.73571 -5.5818 0.700553 0.416667 0.697428 0.284466 -0.657779
3.89137 2.92765 -3.52281 0.783886 0.333333 0.703277 0.31275 -0.638427
4.31054 1.62661 -3.69841 0.783886 0.416667 0.701079 0.301676 -0.646127
2.24843 3.11008 -5.24326 0.700553 0.333333 0.699108 0.29222 -0.652577
3.89137 2.92765 -3.52281 0.783886 0.333333 0.917956 0.334692 -0.212926
4.97457 1.47892 -1.13018 0.86722 0.416667 0.915255 0.347406 -0.204005
4.31054 1.62661 -3.69841 0.783886 0.416667 0.919688 0.32587 -0.219052
4.48859 2.68074 -1.18028 0.86722 0.333333 0.912155 0.360738 -0.194529
4.97457 1.47892 -1.13018 0.86722 0.416667 0.915255 0.347406 -0.204005
3.89137 2.92765 -3.52281 0.783886 0.333333 0.917956 0.334692 -0.212926
4.48859 2.68074 -1.18028 0.86722 0.333333 0.888741 0.379078 0.257758
4.30567 1.33281 1.43282 0.950553 0.416667 0.881608 0.391476 0.263654
4.97457 1.47892 -1.13018 0.86722 0.416667 0.892887 0.371652 0.254218
3.8831 2.43648 1.1534 0.950553 0.333333 0.874712 0.403042 0.269138
4.30567 1.33281 1.43282 0.950553 0.416667 0.881608 0.391476 0.263654
4.48859 2.68074 -1.18028 0.86722 0.333333 0.888741 0.379078 0.257758
3.18632 3.38003 0.663987 -0.049447 0.25 0.504924 0.660558 0.555621
2.24016 2.25935 2.85616 0.033886 0.333333 0.505286 0.660273 0.555631
3.8831 2.43648 1.1534 -0.049447 0.333333 0.504595 0.660818 0.555611
1.83845 3.23148 2.0674 0.033886 0.25 0.505822 0.65985 0.555646
2.24016 2.25935 2.85616 0.033886 0.333333 0.505286 0.660273 0.555631
3.18632 3.38003 0.663987 -0.049447 0.25 0.504924 0.660558 0.555621
1.83845 3.23148 2.0674 0.033886 0.25 0.182478 0.663672 0.725425
0 2.19486 3.47823 0.11722 0.333333 0.18265 0.66351 0.72553
2.24016 2.25935 2.85616 0.033886 0.333333 0.182306 0.663835 0.72532
0 3.17735 2.58029 0.11722 0.25 0.182924 0.663251 0.725698
0 2.19486 3.47823 0.11722 0.333333 0.18265 0.66351 0.72553
1.83845 3.23148 2.0674 0.033886 0.25 0.182478 0.663672 0.725425
0 3.17735 2.58029 0.11722 0.25 -0.18253 0.663472 0.725595
-2.24016 2.25935 2.85616 0.200553 0.333333 -0.18262 0.663638 0.725421
0 2.19486 3.47823 0.11722 0.333333 -0.182444 0.663311 0.725764
-1.83845 3.23148 2.0674 0.200553 0.25 -0.182755 0.663888 0.725157
-2.24016 2.25935 2.85616 0.200553 0.333333 -0.18262 0.663638 0.725421
0 3.17735 2.58029 0.11722 0.25 -0.18253 0.663472 0.725595
-1.83845 3.23148 2.0674 0.200553 0.25 -0.505165 0.660205 0.555821
-3.8831 2.43648 1.1534 0.283886 0.333333 -0.505135 0.660509 0.555488
-2.24016 2.25935 2.85616 0.200553 0.333333 -0.505191 0.659954 0.556096
-3.18632 3.38003 0.663987 0.283886 0.25 -0.505095 0.6609 0.555059
-3.8831 2.43648 1.1534 0.283886 0.333333 -0.505135 0.660509 0.555488
-1.83845 3.23148 2.0674 0.200553 0.25 -0.505165 0.660205 0.555821
-3.18632 3.38003 0.663987 0.283886 0.25 -0.710872 0.65618 0.253159
-4.48859 2.68074 -1.18028 0.36722 0.333333 -0.710913 0.656114 0.253213
-3.8831 2.43648 1.1534 0.283886 0.333333 -0.710843 0.656226 0.253121
-3.68243 3.58449 -1.25822 0.36722 0.25 -0.710959 0.656041 0.253273
-4.48859 2.68074 -1.18028 0.36722 0.333333 -0.710913 0.656114 0.253213
-3.18632 3.38003 0.663987 0.283886 0.25 -0.710872 0.65618 0.253159
-3.68243 3.58449 -1.25822 0.36722 0.25 -0.746341 0.654479 -0.120966
-3.89137 2.92765 -3.52281 0.450553 0.333333 -0.747031 0.653743 -0.120688
-4.48859 2.68074 -1.18028 0.36722 0.333333 -0.745914 0.654933 -0.121137
-3.19183 3.79071 -3.18632 0.450553 0.25 -0.747719 0.653007 -0.120411
-3.89137 2.92765 -3.52281 0.450553 0.333333 -0.747031 0.653743 -0.120688
-3.68243 3.58449 -1.25822 0.36722 0.25 -0.746341 0.654479 -0.120966
-3.19183 3.79071 -3.18632 0.450553 0.25 -0.579242 0.656685 -0.482954
-2.24843 3.11008 -5.24326 0.533886 0.333333 -0.580243 0.655701 -0.483088
-3.89137 2.92765 -3.52281 0.450553 0.333333 -0.578638 0.657276 -0.482873
-1.84397 3.94279 -4.60152 0.533886 0.25 -0.581237 0.654723 -0.48322
-2.24843 3.11008 -5.24326 0.533886 0.333333 -0.580243 0.655701 -0.483088
-3.19183 3.79071 -3.18632 0.450553 0.25 -0.579242 0.656685 -0.482954
-1.84397 3.94279 -4.60152 0.533886 0.25 -0.221318 0.66015 -0.717788
0 3.17721 -5.87418 0.61722 0.333333 -0.221702 0.659707 -0.718077
-2.24843 3.11008 -5.24326 0.533886 0.333333 -0.221081 0.660424 -0.717609
0 3.99869 -5.12032 0.61722 0.25 -0.222098 0.65925 -0.718375
0 3.17721 -5.87418 0.61722 0.333333 -0.221702 0.659707 -0.718077
-1.84397 3.94279 -4.60152 0.533886 0.25 -0.221318 0.66015 -0.717788
0 3.99869 -5.12032 0.61722 0.25 0.221426 0.659645 -0.71822
2.24843 3.11008 -5.24326 0.700553 0.333333 0.221621 0.660075 -0.717764
0 3.17721 -5.87418 0.61722 0.333333 0.221302 0.659372 -0.718508
1.84397 3.94279 -4.60152 0.700553 0.25 0.221828 0.660533 -0.717279
2.24843 3.11008 -5.24326 0.700553 0.333333 0.221621 0.660075 -0.717764
0 3.99869 -5.12032 0.61722 0.25 0.221426 0.659645 -0.71822
1.84397 3.94279 -4.60152 0.700553 0.25 0.579883 0.655589 -0.483672
3.89137 2.92765 -3.52281 0.783886 0.333333 0.57976 0.656504 -0.482578
2.24843 3.11008 -5.24326 0.700553 0.333333 0.579962 0.654997 -0.484379
3.19183 3.79071 -3.18632 0.783886 0.25 0.579625 0.657497 -0.481386
3.89137 2.92765 -3.52281 0.783886 0.333333 0.57976 0.656504 -0.482578
1.84397 3.94279 -4.60152 0.700553 0.25 0.579883 0.655589 -0.483672
3.19183 3.79071 -3.18632 0.783886 0.25 0.747016 0.653663 -0.121215
4.48859 2.68074 -1.18028 0.86722 0.333333 0.746536 0.654336 -0.120533
3.89137 2.92765 -3.52281 0.783886 0.333333 0.747345 0.653199 -0.121684
3.68243 3.58449 -1.25822 0.86722 0.25 0.745981 0.655114 -0.119744
4.48859 2.68074 -1.18028 0.86722 0.333333 0.746536 0.654336 -0.120533
3.19183 3.79071 -3.18632 0.783886 0.25 0.747016 0.653663 -0.121215
3.68243 3.58449 -1.25822 0.86722 0.25 0.710937 0.656105 0.253169
3.8831 2.43648 1.1534 0.950553 0.333333 0.710868 0.656166 0.253204
4.48859 2.68074 -1.18028 0.86722 0.333333 0.710991 0.656058 0.253142
3.18632 3.38003 0.663987 0.950553 0.25 0.710779 0.656245 0.253249
3.8831 2.43648 1.1534 0.950553 0.333333 0.710868 0.656166 0.253204
3.68243 3.58449 -1.25822 0.86722 0.25 0.710937 0.656105 0.253169
2.26137 4.08931 0.054352 -0.049447 0.166667 0.354746 0.830929 0.428616
1.83845 3.23148 2.0674 0.033886 0.25 0.354766 0.83092 0.428617
3.18632 3.38003 0.663987 -0.049447 0.25 0.354698 0.83095 0.428615
1.30502 3.98211 1.05395 0.033886 0.166667 0.35486 0.830879 0.428619
1.83845 3.23148 2.0674 0.033886 0.25 0.354766 0.83092 0.428617
2.26137 4.08931 0.054352 -0.049447 0.166667 0.354746 0.830929 0.428616
1.30502 3.98211 1.05395 0.033886 0.166667 0.12798 0.827972 0.54597
0 3.17735 2.58029 0.11722 0.25 0.127998 0.827963 0.54598
1.83845 3.23148 2.0674 0.033886 0.25 0.127924 0.828002 0.545938
0 3.94299 1.41943 0.11722 0.166667 0.128105 0.827905 0.546042
0 3.17735 2.58029 0.11722 0.25 0.127998 0.827963 0.54598
1.30502 3.98211 1.05395 0.033886 0.166667 0.12798 0.827972 0.54597
0 3.94299 1.41943 0.11722 0.166667 -0.127989 0.827952 0.545998
-1.83845 3.23148 2.0674 0.200553 0.25 -0.127999 0.827962 0.545981
0 3.17735 2.58029 0.11722 0.25 -0.127958 0.827921 0.546052
-1.30502 3.98211 1.05395 0.200553 0.166667 -0.128057 0.828019 0.545881
-1.83845 3.23148 2.0674 0.200553 0.25 -0.127999 0.827962 0.545981
0 3.94299 1.41943 0.11722 0.166667 -0.127989 0.827952 0.545998
-1.30502 3.98211 1.05395 0.200553 0.166667 -0.354766 0.830912 0.428633
-3.18632 3.38003 0.663987 0.283886 0.25 -0.354765 0.830922 0.428615
-1.83845 3.23148 2.0674 0.200553 0.25 -0.354768 0.830889 0.428676
-2.26137 4.08931 0.054352 0.283886 0.166667 -0.354762 0.830964 0.428535
-3.18632 3.38003 0.663987 0.283886 0.25 -0.354765 0.830922 0.428615
-1.30502 3.98211 1.05395 0.200553 0.166667 -0.354766 0.830912 0.428633
-2.26137 4.08931 0.054352 0.283886 0.166667 -0.499394 0.838449 0.218194
-3.68243 3.58449 -1.25822 0.36722 0.25 -0.499453 0.838392 0.21828
-3.18632 3.38003 0.663987 0.283886 0.25 -0.4993 0.838541 0.218057
-2.6128 4.23652 -1.31368 0.36722 0.166667 -0.499637 0.838213 0.218548
-3.68243 3.58449 -1.25822 0.36722 0.25 -0.499453 0.838392 0.21828
-2.26137 4.08931 0.054352 0.283886 0.166667 -0.499394 0.838449 0.218194
-2.6128 4.23652 -1.31368 0.36722 0.166667 -0.521964 0.851961 -0.041432
-3.19183 3.79071 -3.18632 0.450553 0.25 -0.522214 0.851813 -0.041319
-3.68243 3.58449 -1.25822 0.36722 0.25 -0.521627 0.85216 -0.041583
-2.26413 4.38462 -2.68466 0.450553 0.166667 -0.522892 0.851412 -0.041014
-3.19183 3.79071 -3.18632 0.450553 0.25 -0.522214 0.851813 -0.041319
-2.6128 4.23652 -1.31368 0.36722 0.166667 -0.521964 0.851961 -0.041432
-2.26413 4.38462 -2.68466 0.450553 0.166667 -0.401208 0.869421 -0.288339
-1.84397 3.94279 -4.60152 0.533886 0.25 -0.401493 0.86928 -0.288369
-3.19183 3.79071 -3.18632 0.450553 0.25 -0.400823 0.869612 -0.288299
-1.30778 4.49359 -3.69015 0.533886 0.166667 -0.402277 0.868889 -0.288452
-1.84397 3.94279 -4.60152 0.533886 0.25 -0.401493 0.86928 -0.288369
-2.26413 4.38462 -2.68466 0.450553 0.166667 -0.401208 0.869421 -0.288339
-1.30778 4.49359 -3.69015 0.533886 0.166667 -0.151907 0.882849 -0.444411
0 3.99869 -5.12032 0.61722 0.25 -0.152001 0.882799 -0.44448
-1.84397 3.94279 -4.60152 0.533886 0.25 -0.151772 0.882922 -0.444313
0 4.53359 -4.05859 0.61722 0.166667 -0.152278 0.88265 -0.444681
0 3.99869 -5.12032 0.61722 0.25 -0.152001 0.882799 -0.44448
-1.30778 4.49359 -3.69015 0.533886 0.166667 -0.151907 0.882849 -0.444411
0 4.53359 -4.05859 0.61722 0.166667 0.151945 0.882772 -0.444552
1.84397 3.94279 -4.60152 0.700553 0.25 0.151991 0.882819 -0.444443
0 3.99869 -5.12032 0.61722 0.25 0.151877 0.882705 -0.444709
1.30778 4.49359 -3.69015 0.700553 0.166667 0.15213 0.882956 -0.444123
1.84397 3.94279 -4.60152 0.700553 0.25 0.151991 0.882819 -0.444443
0 4.53359 -4.05859 0.61722 0.166667 0.151945 0.882772 -0.444552
1.30778 4.49359 -3.69015 0.700553 0.166667 0.401455 0.869221 -0.288597
3.19183 3.79071 -3.18632 0.783886 0.25 0.401419 0.869337 -0.2883
1.84397 3.94279 -4.60152 0.700553 0.25 0.401506 0.869061 -0.289009
2.26413 4.38462 -2.68466 0.783886 0.166667 0.401315 0.869665 -0.287452
3.19183 3.79071 -3.18632 0.783886 0.25 0.401419 0.869337 -0.2883
1.30778 4.49359 -3.69015 0.700553 0.166667 0.401455 0.869221 -0.288597
2.26413 4.38462 -2.68466 0.783886 0.166667 0.522292 0.851755 -0.041538
3.68243 3.58449 -1.25822 0.86722 0.25 0.52212 0.851872 -0.041301
3.19183 3.79071 -3.18632 0.783886 0.25 0.522538 0.851587 -0.041876
2.6128 4.23652 -1.31368 0.86722 0.166667 0.521611 0.852217 -0.040601
3.68243 3.58449 -1.25822 0.86722 0.25 0.52212 0.851872 -0.041301
2.26413 4.38462 -2.68466 0.783886 0.166667 0.522292 0.851755 -0.041538
2.6128 4.23652 -1.31368 0.86722 0.166667 0.499527 0.838364 0.218218
3.18632 3.38003 0.663987 0.950553 0.25 0.499427 0.83841 0.218267
3.68243 3.58449 -1.25822 0.86722 0.25 0.499701 0.838282 0.218132
2.26137 4.08931 0.054352 0.950553 0.166667 0.499073 0.838576 0.218442
3.18632 3.38003 0.663987 0.950553 0.25 0.499427 0.83841 0.218267
2.6128 4.23652 -1.31368 0.86722 0.166667 0.499527 0.838364 0.218218
1.17343 4.5692 -0.637018 -0.049447 0.083333 0.21505 0.927644 0.305336
1.30502 3.98211 1.05395 0.033886 0.166667 0.215091 0.927637 0.30533
2.26137 4.08931 0.054352 -0.049447 0.166667 0.215143 0.927627 0.305322
0.677327 4.5129 -0.116894 0.033886 0.083333 0.214868 0.927678 0.305362
1.30502 3.98211 1.05395 0.033886 0.166667 0.215091 0.927637 0.30533
1.17343 4.5692 -0.637018 -0.049447 0.083333 0.21505 0.927644 0.305336
0.677327 4.5129 -0.116894 0.033886 0.083333 0.077817 0.923053 0.376721
0 3.94299 1.41943 0.11722 0.166667 0.077826 0.923051 0.376724
1.30502 3.98211 1.05395 0.033886 0.166667 0.077835 0.923048 0.376727
0 4.49232 0.073378 0.11722 0.083333 0.077785 0.92306 0.376709
0 3.94299 1.41943 0.11722 0.166667 0.077826 0.923051 0.376724
0.677327 4.5129 -0.116894 0.033886 0.083333 0.077817 0.923053 0.376721
0 4.49232 0.073378 0.11722 0.083333 -0.077817 0.923052 0.376722
-1.30502 3.98211 1.05395 0.200553 0.166667 -0.077823 0.923054 0.376715
0 3.94299 1.41943 0.11722 0.166667 -0.077829 0.923057 0.376708
-0.677327 4.5129 -0.116894 0.200553 0.083333 -0.077796 0.923044 0.376746
-1.30502 3.98211 1.05395 0.200553 0.166667 -0.077823 0.923054 0.376715
0 4.49232 0.073378 0.11722 0.083333 -0.077817 0.923052 0.376722
-0.677327 4.5129 -0.116894 0.200553 0.083333 -0.215049 0.927643 0.305339
-2.26137 4.08931 0.054352 0.283886 0.166667 -0.215056 0.927655 0.3053
-1.30502 3.98211 1.05395 0.200553 0.166667 -0.215065 0.927668 0.305252
-1.17343 4.5692 -0.637018 0.283886 0.083333 -0.215019 0.927598 0.305497
-2.26137 4.08931 0.054352 0.283886 0.166667 -0.215056 0.927655 0.3053
-0.677327 4.5129 -0.116894 0.200553 0.083333 -0.215049 0.927643 0.305339
-1.17343 4.5692 -0.637018 0.283886 0.083333 -0.30032 0.937057 0.178133
-2.6128 4.23652 -1.31368 0.36722 0.166667 -0.300296 0.937077 0.178072
-2.26137 4.08931 0.054352 0.283886 0.166667 -0.300256 0.937109 0.177971
-1.35539 4.64631 -1.3482 0.36722 0.083333 -0.300449 0.936954 0.178459
-2.6128 4.23652 -1.31368 0.36722 0.166667 -0.300296 0.937077 0.178072
-1.17343 4.5692 -0.637018 0.283886 0.083333 -0.30032 0.937057 0.178133
-1.35539 4.64631 -1.3482 0.36722 0.083333 -0.30933 0.950647 0.024186
-2.26413 4.38462 -2.68466 0.450553 0.166667 -0.309276 0.950666 0.024145
-2.6128 4.23652 -1.31368 0.36722 0.166667 -0.309169 0.950702 0.024066
-1.17417 4.72366 -2.06018 0.450553 0.083333 -0.309674 0.950529 0.024443
-2.26413 4.38462 -2.68466 0.450553 0.166667 -0.309276 0.950666 0.024145
-1.35539 4.64631 -1.3482 0.36722 0.083333 -0.30933 0.950647 0.024186
-1.17417 4.72366 -2.06018 0.450553 0.083333 -0.233303 0.965324 -0.117132
-1.30778 4.49359 -3.69015 0.533886 0.166667 -0.233253 0.965335 -0.117138
-2.26413 4.38462 -2.68466 0.450553 0.166667 -0.233163 0.965356 -0.117148
-0.678065 4.78043 -2.58188 0.533886 0.083333 -0.233599 0.965256 -0.117099
-1.30778 4.49359 -3.69015 0.533886 0.166667 -0.233253 0.965335 -0.117138
-1.17417 4.72366 -2.06018 0.450553 0.083333 -0.233303 0.965324 -0.117132
-0.678065 4.78043 -2.58188 0.533886 0.083333 -0.087062 0.9753 -0.203003
0 4.53359 -4.05859 0.61722 0.166667 -0.087046 0.975303 -0.202996
-1.30778 4.49359 -3.69015 0.533886 0.166667 -0.087021 0.975307 -0.202985
0 4.80124 -2.77295 0.61722 0.083333 -0.087146 0.975285 -0.203039
0 4.53359 -4.05859 0.61722 0.166667 -0.087046 0.975303 -0.202996
-0.678065 4.78043 -2.58188 0.533886 0.083333 -0.087062 0.9753 -0.203003
0 4.80124 -2.77295 0.61722 0.083333 0.087063 0.9753 -0.203004
1.30778 4.49359 -3.69015 0.700553 0.166667 0.087052 0.975298 -0.203019
0 4.53359 -4.05859 0.61722 0.166667 0.087036 0.975294 -0.203041
0.678065 4.78043 -2.58188 0.700553 0.083333 0.087117 0.97531 -0.202931
1.30778 4.49359 -3.69015 0.700553 0.166667 0.087052 0.975298 -0.203019
0 4.80124 -2.77295 0.61722 0.083333 0.087063 0.9753 -0.203004
0.678065 4.78043 -2.58188 0.700553 0.083333 0.233311 0.965321 -0.11714
2.26413 4.38462 -2.68466 0.783886 0.166667 0.233307 0.965316 -0.117191
1.30778 4.49359 -3.69015 0.700553 0.166667 0.233299 0.965307 -0.117282
1.17417 4.72366 -2.06018 0.783886 0.083333 0.233338 0.965351 -0.11684
2.26413 4.38462 -2.68466 0.783886 0.166667 0.233307 0.965316 -0.117191
0.678065 4.78043 -2.58188 0.700553 0.083333 0.233311 0.965321 -0.11714
1.17417 4.72366 -2.06018 0.783886 0.083333 0.30935 0.950641 0.024178
2.6128 4.23652 -1.31368 0.86722 0.166667 0.30938 0.950633 0.024114
2.26413 4.38462 -2.68466 0.783886 0.166667 0.30944 0.950616 0.023988
1.35539 4.64631 -1.3482 0.86722 0.083333 0.309152 0.950695 0.024593
2.6128 4.23652 -1.31368 0.86722 0.166667 0.30938 0.950633 0.024114
1.17417 4.72366 -2.06018 0.783886 0.083333 0.30935 0.950641 0.024178
1.35539 4.64631 -1.3482 0.86722 0.083333 0.300332 0.937054 0.178131
2.26137 4.08931 0.054352 0.950553 0.166667 0.300388 0.937044 0.178091
2.6128 4.23652 -1.31368 0.86722 0.166667 0.300485 0.937026 0.178021
1.17343 4.5692 -0.637018 0.950553 0.083333 0.300008 0.937113 0.178364
2.26137 4.08931 0.054352 0.950553 0.166667 0.300388 0.937044 0.178091
1.35539 4.64631 -1.3482 0.86722 0.083333 0.300332 0.937054 0.178131
0 -4.01159 -0.199542 -0.00778 1 0.026709 -0.999292 0.026513
1.47487 -3.94984 0.641728 -0.049447 0.916667 0.026709 -0.999292 0.026513
0.851515 -3.94996 1.26526 0.033886 0.916667 0.026709 -0.999292 0.026513
0 -4.01159 -0.199542 0.075553 1 0.009792 -0.999291 0.036347
0.851515 -3.94996 1.26526 0.033886 0.916667 0.009792 -0.999291 0.036347
0 -3.95 1.49349 0.11722 0.916667 0.009792 -0.999291 0.036347
0 -4.01159 -0.199542 0.158886 1 -0.009792 -0.999291 0.036347
0 -3.95 1.49349 0.11722 0.916667 -0.009792 -0.999291 0.036347
-0.851515 -3.94996 1.26526 0.200553 0.916667 -0.009792 -0.999291 0.036347
0 -4.01159 -0.199542 0.24222 1 -0.026709 -0.999292 0.026513
-0.851515 -3.94996 1.26526 0.200553 0.916667 -0.026709 -0.999292 0.026513
-1.47487 -3.94984 0.641728 0.283886 0.916667 -0.026709 -0.999292 0.026513
0 -4.01159 -0.199542 0.325553 1 -0.036381 -0.999292 0.009558
-1.47487 -3.94984 0.641728 0.283886 0.916667 -0.036381 -0.999292 0.009558
-1.70303 -3.94968 -0.210035 0.36722 0.916667 -0.036381 -0.999292 0.009558
0 -4.01159 -0.199542 0.408886 1 -0.036261 -0.999293 -0.009901
-1.70303 -3.94968 -0.210035 0.36722 0.916667 -0.036261 -0.999293 -0.009901
-1.47487 -3.94952 -1.0618 0.450553 0.916667 -0.036261 -0.999293 -0.009901
0 -4.01159 -0.199542 0.49222 1 -0.026469 -0.999294 -0.02665
-1.47487 -3.94952 -1.0618 0.450553 0.916667 -0.026469 -0.999294 -0.02665
-0.851515 -3.94941 -1.68533 0.533886 0.916667 -0.026469 -0.999294 -0.02665
0 -4.01159 -0.199542 0.575553 1 -0.009673 -0.999295 -0.036275
-0.851515 -3.94941 -1.68533 0.533886 0.916667 -0.009673 -0.999295 -0.036275
0 -3.94936 -1.91356 0.61722 0.916667 -0.009673 -0.999295 -0.036275
0 -4.01159 -0.199542 0.658886 1 0.009673 -0.999295 -0.036275
0 -3.94936 -1.91356 0.61722 0.916667 0.009673 -0.999295 -0.036275
0.851515 -3.94941 -1.68533 0.700553 0.916667 0.009673 -0.999295 -0.036275
0 -4.01159 -0.199542 0.74222 1 0.026469 -0.999294 -0.026649
0.851515 -3.94941 -1.68533 0.700553 0.916667 0.026469 -0.999294 -0.026649
1.47487 -3.94952 -1.0618 0.783886 0.916667 0.026469 -0.999294 -0.026649
0 -4.01159 -0.199542 0.825553 1 0.036261 -0.999293 -0.009901
1.47487 -3.94952 -1.0618 0.783886 0.916667 0.036261 -0.999293 -0.009901
1.70303 -3.94968 -0.210035 0.86722 0.916667 0.036261 -0.999293 -0.009901
0 -4.01159 -0.199542 0.908886 1 0.036381 -0.999292 0.009558
1.70303 -3.94968 -0.210035 0.86722 0.916667 0.036381 -0.999292 0.009558
1.47487 -3.94984 0.641728 0.950553 0.916667 0.036381 -0.999292 0.009558
0 4.78606 -1.35992 -0.00778 0 0.073042 0.981689 0.175931
0.677327 4.5129 -0.116894 0.033886 0.083333 0.073042 0.981689 0.175931
1.17343 4.5692 -0.637018 -0.049447 0.083333 0.073042 0.981689 0.175931
0 4.78606 -1.35992 0.075553 0 0.026631 0.979292 0.200694
0 4.49232 0.073378 0.11722 0.083333 0.026631 0.979292 0.200694
0.677327 4.5129 -0.116894 0.033886 0.083333 0.026631 0.979292 0.200694
0 4.78606 -1.35992 0.158886 0 -0.026631 0.979292 0.200694
-0.677327 4.5129 -0.116894 0.200553 0.083333 -0.026631 0.979292 0.200694
0 4.49232 0.073378 0.11722 0.083333 -0.026631 0.979292 0.200694
0 4.78606 -1.35992 0.24222 0 -0.073042 0.981689 0.175932
-1.17343 4.5692 -0.637018 0.283886 0.083333 -0.073042 0.981689 0.175932
-0.677327 4.5129 -0.116894 0.200553 0.083333 -0.073042 0.981689 0.175932
0 4.78606 -1.35992 0.325553 0 -0.100524 0.986055 0.132632
-1.35539 4.64631 -1.3482 0.36722 0.083333 -0.100524 0.986055 0.132632
-1.17343 4.5692 -0.637018 0.283886 0.083333 -0.100524 0.986055 0.132632
0 4.78606 -1.35992 0.408886 0 -0.10152 0.991459 0.08187
-1.17417 4.72366 -2.06018 0.450553 0.083333 -0.10152 0.991459 0.08187
-1.35539 4.64631 -1.3482 0.36722 0.083333 -0.10152 0.991459 0.08187
0 4.78606 -1.35992 0.49222 0 -0.075063 0.99649 0.037059
-0.678065 4.78043 -2.58188 0.533886 0.083333 -0.075063 0.99649 0.037059
-1.17417 4.72366 -2.06018 0.450553 0.083333 -0.075063 0.99649 0.037059
0 4.78606 -1.35992 0.575553 0 -0.027654 0.99956 0.010738
0 4.80124 -2.77295 0.61722 0.083333 -0.027654 0.99956 0.010738
-0.678065 4.78043 -2.58188 0.533886 0.083333 -0.027654 0.99956 0.010738
0 4.78606 -1.35992 0.658886 0 0.027654 0.99956 0.010738
0.678065 4.78043 -2.58188 0.700553 0.083333 0.027654 0.99956 0.010738
0 4.80124 -2.77295 0.61722 0.083333 0.027654 0.99956 0.010738
0 4.78606 -1.35992 0.74222 0 0.075063 0.99649 0.037059
1.17417 4.72366 -2.06018 0.783886 0.083333 0.075063 0.99649 0.037059
0.678065 4.78043 -2.58188 0.700553 0.083333 0.075063 0.99649 0.037059
0 4.78606 -1.35992 0.825553 0 0.10152 0.991459 0.08187
1.35539 4.64631 -1.3482 0.86722 0.083333 0.10152 0.991459 0.08187
1.17417 4.72366 -2.06018 0.783886 0.083333 0.10152 0.991459 0.08187
0 4.78606 -1.35992 0.908886 0 0.100524 0.986055 0.132632
1.17343 4.5692 -0.637018 0.950553 0.083333 0.100524 0.986055 0.132632
1.35539 4.64631 -1.3482 0.86722 0.083333 0.100524 0.986055 0.132632
0 2.19486 3.47823 0.11722 0.333333 -0.231431 0.439411 0.867962
-2.48485 1.22684 3.30574 0.200553 0.416667 -0.230268 0.43607 0.869954
0 1.18826 3.99058 0.11722 0.416667 -0.232064 0.44123 0.86687
-2.24016 2.25935 2.85616 0.200553 0.333333 -0.63511 0.424525 0.645301
-4.30567 1.33281 1.43282 0.283886 0.416667 -0.635097 0.415189 0.65136
-2.48485 1.22684 3.30574 0.200553 0.416667 -0.635081 0.429934 0.641738
0 1.18826 3.99058 0.11722 0.416667 -0.251928 0.27713 0.927217
-2.59232 -0.009302 3.64417 0.200553 0.5 -0.251618 0.276368 0.927529
0 -0.017678 4.35173 0.11722 0.5 -0.252126 0.277615 0.927018
-2.48485 1.22684 3.30574 0.200553 0.416667 -0.689865 0.244606 0.681362
-4.49003 0.013584 1.71109 0.283886 0.5 -0.689423 0.242126 0.682694
-2.59232 -0.009302 3.64417 0.200553 0.5 -0.690163 0.246296 0.680451
-3.8831 2.43648 1.1534 0.283886 0.333333 -0.882919 0.392735 0.257322
-4.97457 1.47892 -1.13018 0.36722 0.416667 -0.886511 0.379633 0.264532
-4.30567 1.33281 1.43282 0.283886 0.416667 -0.880504 0.40109 0.252664
-4.97457 1.47892 -1.13018 0.36722 0.416667 -0.963125 0.101051 -0.249358
-4.49003 0.076109 -3.57018 0.450553 0.5 -0.964367 0.095832 -0.246604
-5.18464 0.044847 -0.929541 0.36722 0.5 -0.961992 0.105686 -0.251798
-4.30567 1.33281 1.43282 0.283886 0.416667 -0.949849 0.182595 0.253863
-5.18464 0.044847 -0.929541 0.36722 0.5 -0.95002 0.178285 0.256276
-4.49003 0.013584 1.71109 0.283886 0.5 -0.949703 0.185881 0.252017
-4.48859 2.68074 -1.18028 0.36722 0.333333 -0.913248 0.348766 -0.210574
-4.31054 1.62661 -3.69841 0.450553 0.416667 -0.91942 0.335374 -0.205404
-4.97457 1.47892 -1.13018 0.36722 0.416667 -0.908606 0.358478 -0.214311
-4.31054 1.62661 -3.69841 0.450553 0.416667 -0.715503 0.020266 -0.698316
-2.59232 0.098995 -5.50325 0.533886 0.5 -0.717357 0.016058 -0.69652
-4.49003 0.076109 -3.57018 0.450553 0.5 -0.713534 0.02469 -0.700186
-3.89137 2.92765 -3.52281 0.450553 0.333333 -0.697187 0.30271 -0.649845
-2.48972 1.73571 -5.5818 0.533886 0.416667 -0.702971 0.292903 -0.648105
-4.31054 1.62661 -3.69841 0.450553 0.416667 -0.69225 0.310927 -0.651241
-2.48972 1.73571 -5.5818 0.533886 0.416667 -0.264246 -0.031673 -0.963935
0 0.107372 -6.21081 0.61722 0.5 -0.265206 -0.033262 -0.963618
-2.59232 0.098995 -5.50325 0.533886 0.5 -0.263105 -0.029784 -0.964307
-2.24843 3.11008 -5.24326 0.533886 0.333333 -0.263097 0.270558 -0.926055
0 1.77585 -6.27187 0.61722 0.416667 -0.265359 0.267037 -0.926432
-2.48972 1.73571 -5.5818 0.533886 0.416667 -0.260986 0.273834 -0.92569
0 0.107372 -6.21081 0.61722 0.5 0.251125 -0.280229 -0.926503
2.53167 -1.3558 -5.08206 0.700553 0.583333 0.251584 -0.279508 -0.926596
0 -1.35047 -5.76865 0.61722 0.583333 0.250651 -0.280974 -0.926406
2.59232 0.098995 -5.50325 0.700553 0.5 0.692731 -0.225662 -0.684983
4.38497 -1.37035 -3.20626 0.783886 0.583333 0.693565 -0.224116 -0.684645
2.53167 -1.3558 -5.08206 0.700553 0.583333 0.691864 -0.227262 -0.685329
4.49003 0.076109 -3.57018 0.783886 0.5 0.957959 -0.132894 -0.254269
5.06333 -1.39024 -0.64386 0.86722 0.583333 0.958145 -0.132176 -0.253945
4.38497 -1.37035 -3.20626 0.783886 0.583333 0.957773 -0.133615 -0.254594
5.18464 0.044847 -0.929541 0.86722 0.5 0.966412 -0.031988 0.255001
4.38497 -1.41012 1.91854 0.950553 0.583333 0.966528 -0.033222 0.254403
5.06333 -1.39024 -0.64386 0.86722 0.583333 0.966299 -0.030803 0.255575
4.49003 0.013584 1.71109 -0.049447 0.5 0.71107 0.047868 0.70149
2.53167 -1.42468 3.79434 0.033886 0.583333 0.711925 0.045661 0.70077
4.38497 -1.41012 1.91854 -0.049447 0.583333 0.71028 0.049897 0.702149
2.59232 -0.009302 3.64417 0.033886 0.5 0.260987 0.089879 0.961149
0 -1.43001 4.48094 0.11722 0.583333 0.261555 0.088811 0.961094
2.53167 -1.42468 3.79434 0.033886 0.583333 0.260487 0.09082 0.961196
0 4.33761 0.830251 0.125 0.5 0.303814 -0.665566 0.681703
-0 4.28328 0.777202 0.125 0.625 0.303815 -0.665566 0.681703
1.59485 4.3369 0.118775 0 0.625 0.303815 -0.665566 0.681703
-1.62912 4.39239 0.157677 0.25 0.5 -0.303814 -0.665566 0.681703
-1.59485 4.3369 0.118775 0.25 0.625 -0.303814 -0.665566 0.681703
-0 4.28328 0.777202 0.125 0.625 -0.303814 -0.665566 0.681703
-2.30392 4.52463 -1.46606 0.375 0.5 -0.733475 -0.630694 0.253457
-2.25545 4.46636 -1.47081 0.375 0.625 -0.733475 -0.630694 0.253457
-1.59485 4.3369 0.118775 0.25 0.625 -0.733475 -0.630694 0.253457
-1.62912 4.65687 -3.0898 0.5 0.5 -0.733475 -0.58137 -0.35217
-1.59485 4.59582 -3.06039 0.5 0.625 -0.733475 -0.58137 -0.35217
-2.25545 4.46636 -1.47081 0.375 0.625 -0.733475 -0.58137 -0.35217
0 4.71165 -3.76238 0.625 0.5 -0.303816 -0.546493 -0.780411
-0 4.64944 -3.71882 0.625 0.625 -0.303816 -0.546493 -0.780411
-1.59485 4.59582 -3.06039 0.5 0.625 -0.303816 -0.546493 -0.780411
1.62912 4.65687 -3.0898 0.75 0.5 0.303817 -0.546492 -0.780412
1.59485 4.59582 -3.06039 0.75 0.625 0.303817 -0.546492 -0.780412
-0 4.64944 -3.71882 0.625 0.625 0.303817 -0.546492 -0.780412
2.30392 4.52463 -1.46606 0.875 0.5 0.733476 -0.58137 -0.352168
2.25545 4.46636 -1.47081 0.875 0.625 0.733476 -0.58137 -0.352168
1.59485 4.59582 -3.06039 0.75 0.625 0.733476 -0.58137 -0.352168
1.62912 4.39239 0.157677 1 0.5 0.733475 -0.630693 0.253457
1.59485 4.3369 0.118775 1 0.625 0.733475 -0.630693 0.253457
2.25545 4.46636 -1.47081 0.875 0.625 0.733475 -0.630693 0.253457
0 4.43942 0.662587 0.125 0.375 0.182419 0.840424 0.510304
0 4.33761 0.830251 0.125 0.5 0.182419 0.840424 0.510304
1.62912 4.39239 0.157677 0 0.5 0.182419 0.840424 0.510304
-1.50511 4.49003 0.041209 0.25 0.375 -0.182419 0.840424 0.510305
-1.62912 4.39239 0.157677 0.25 0.5 -0.182419 0.840424 0.510305
0 4.33761 0.830251 0.125 0.5 -0.182419 0.840424 0.510305
-2.12854 4.6122 -1.45893 0.375 0.375 -0.4404 0.861366 0.253175
-2.30392 4.52463 -1.46606 0.375 0.5 -0.4404 0.861366 0.253175
-1.62912 4.39239 0.157677 0.25 0.5 -0.4404 0.861366 0.253175
-1.50511 4.73437 -2.95907 0.5 0.375 -0.4404 0.890981 -0.11046
-1.62912 4.65687 -3.0898 0.5 0.5 -0.4404 0.890981 -0.11046
-2.30392 4.52463 -1.46606 0.375 0.5 -0.4404 0.890981 -0.11046
0 4.78498 -3.58045 0.625 0.375 -0.182419 0.911921 -0.367592
0 4.71165 -3.76238 0.625 0.5 -0.182419 0.911921 -0.367592
-1.62912 4.65687 -3.0898 0.5 0.5 -0.182419 0.911921 -0.367592
1.50511 4.73437 -2.95907 0.75 0.375 0.182419 0.911921 -0.367592
1.62912 4.65687 -3.0898 0.75 0.5 0.182419 0.911921 -0.367592
0 4.71165 -3.76238 0.625 0.5 0.182419 0.911921 -0.367592
2.12854 4.6122 -1.45893 0.875 0.375 0.4404 0.890981 -0.11046
2.30392 4.52463 -1.46606 0.875 0.5 0.4404 0.890981 -0.11046
1.62912 4.65687 -3.0898 0.75 0.5 0.4404 0.890981 -0.11046
1.50511 4.49003 0.041209 1 0.375 0.4404 0.861366 0.253174
1.62912 4.39239 0.157677 1 0.5 0.4404 0.861366 0.253174
2.30392 4.52463 -1.46606 0.875 0.5 0.4404 0.861366 0.253174
0 4.62142 0.176329 0.125 0.25 0.112507 0.930605 0.348306
0 4.43942 0.662587 0.125 0.375 0.112507 0.930605 0.348306
1.50511 4.49003 0.041209 0 0.375 0.112507 0.930605 0.348306
-1.15196 4.66015 -0.299254 0.25 0.25 -0.112507 0.930605 0.348306
-1.50511 4.49003 0.041209 0.25 0.375 -0.112507 0.930605 0.348306
0 4.43942 0.662587 0.125 0.375 -0.112507 0.930605 0.348306
-1.62912 4.75365 -1.44741 0.375 0.25 -0.271617 0.94352 0.189722
-2.12854 4.6122 -1.45893 0.375 0.375 -0.271617 0.94352 0.189722
-1.50511 4.49003 0.041209 0.25 0.375 -0.271617 0.94352 0.189722
-1.15196 4.84716 -2.59557 0.5 0.25 -0.271617 0.961785 -0.034551
-1.50511 4.73437 -2.95907 0.5 0.375 -0.271617 0.961785 -0.034551
-2.12854 4.6122 -1.45893 0.375 0.375 -0.271617 0.961785 -0.034551
0 4.88589 -3.07115 0.625 0.25 -0.112507 0.974701 -0.193135
0 4.78498 -3.58045 0.625 0.375 -0.112507 0.974701 -0.193135
-1.50511 4.73437 -2.95907 0.5 0.375 -0.112507 0.974701 -0.193135
1.15196 4.84716 -2.59557 0.75 0.25 0.112507 0.974701 -0.193135
1.50511 4.73437 -2.95907 0.75 0.375 0.112507 0.974701 -0.193135
0 4.78498 -3.58045 0.625 0.375 0.112507 0.974701 -0.193135
1.62912 4.75365 -1.44741 0.875 0.25 0.271617 0.961785 -0.034551
2.12854 4.6122 -1.45893 0.875 0.375 0.271617 0.961785 -0.034551
1.50511 4.73437 -2.95907 0.75 0.375 0.271617 0.961785 -0.034551
1.15196 4.66015 -0.299254 1 0.25 0.271617 0.94352 0.189722
1.50511 4.49003 0.041209 1 0.375 0.271617 0.94352 0.189722
2.12854 4.6122 -1.45893 0.875 0.375 0.271617 0.94352 0.189722
0 4.78125 -0.560574 0.125 0.125 0.054569 0.975821 0.211651
0 4.62142 0.176329 0.125 0.25 0.054569 0.975821 0.211651
1.15196 4.66015 -0.299254 0 0.25 0.054569 0.975821 0.211651
-0.623436 4.80221 -0.817957 0.25 0.125 -0.054569 0.975821 0.211651
-1.15196 4.66015 -0.299254 0.25 0.25 -0.054569 0.975821 0.211651
0 4.62142 0.176329 0.125 0.25 -0.054569 0.975821 0.211651
-0.881671 4.85281 -1.43933 0.375 0.125 -0.131742 0.982085 0.134732
-1.62912 4.75365 -1.44741 0.375 0.25 -0.131742 0.982085 0.134732
-1.15196 4.66015 -0.299254 0.25 0.25 -0.131742 0.982085 0.134732
-0.623436 4.90342 -2.06071 0.5 0.125 -0.131742 0.990944 0.025955
-1.15196 4.84716 -2.59557 0.5 0.25 -0.131742 0.990944 0.025955
-1.62912 4.75365 -1.44741 0.375 0.25 -0.131742 0.990944 0.025955
0 4.92438 -2.3181 0.625 0.125 -0.054569 0.997209 -0.050963
0 4.88589 -3.07115 0.625 0.25 -0.054569 0.997209 -0.050963
-1.15196 4.84716 -2.59557 0.5 0.25 -0.054569 0.997209 -0.050963
0.623436 4.90342 -2.06071 0.75 0.125 0.054569 0.997209 -0.050963
1.15196 4.84716 -2.59557 0.75 0.25 0.054569 0.997209 -0.050963
0 4.88589 -3.07115 0.625 0.25 0.054569 0.997209 -0.050963
0.881671 4.85281 -1.43933 0.875 0.125 0.131742 0.990944 0.025954
1.62912 4.75365 -1.44741 0.875 0.25 0.131742 0.990944 0.025954
1.15196 4.84716 -2.59557 0.75 0.25 0.131742 0.990944 0.025954
0.623436 4.80221 -0.817957 1 0.125 0.131742 0.982085 0.134732
1.15196 4.66015 -0.299254 1 0.25 0.131742 0.982085 0.134732
1.62912 4.75365 -1.44741 0.875 0.25 0.131742 0.982085 0.134732
0 4.88763 -1.4365 0.0625 0 0.016398 0.992571 0.120556
0 4.78125 -0.560574 0.125 0.125 0.016398 0.992571 0.120556
0.623436 4.80221 -0.817957 0 0.125 0.016398 0.992571 0.120556
0 4.88763 -1.4365 0.1875 0 -0.016398 0.992571 0.120556
-0.623436 4.80221 -0.817957 0.25 0.125 -0.016398 0.992571 0.120556
0 4.78125 -0.560574 0.125 0.125 -0.016398 0.992571 0.120556
0 4.88763 -1.4365 0.3125 0 -0.039588 0.994454 0.097441
-0.881671 4.85281 -1.43933 0.375 0.125 -0.039588 0.994454 0.097441
-0.623436 4.80221 -0.817957 0.25 0.125 -0.039588 0.994454 0.097441
0 4.88763 -1.4365 0.4375 0 -0.039588 0.997116 0.064755
-0.623436 4.90342 -2.06071 0.5 0.125 -0.039588 0.997116 0.064755
-0.881671 4.85281 -1.43933 0.375 0.125 -0.039588 0.997116 0.064755
0 4.88763 -1.4365 0.5625 0 -0.016398 0.998998 0.041642
0 4.92438 -2.3181 0.625 0.125 -0.016398 0.998998 0.041642
-0.623436 4.90342 -2.06071 0.5 0.125 -0.016398 0.998998 0.041642
0 4.88763 -1.4365 0.6875 0 0.016398 0.998998 0.041642
0.623436 4.90342 -2.06071 0.75 0.125 0.016398 0.998998 0.041642
0 4.92438 -2.3181 0.625 0.125 0.016398 0.998998 0.041642
0 4.88763 -1.4365 0.8125 0 0.039588 0.997116 0.064756
0.881671 4.85281 -1.43933 0.875 0.125 0.039588 0.997116 0.064756
0.623436 4.90342 -2.06071 0.75 0.125 0.039588 0.997116 0.064756
0 4.88763 -1.4365 0.9375 0 0.039588 0.994454 0.097442
0.623436 4.80221 -0.817957 1 0.125 0.039588 0.994454 0.097442
0.881671 4.85281 -1.43933 0.875 0.125 0.039588 0.994454 0.097442
