Vertex Count:792

Data:

2.55241 -3.90894 1.27038 -0.049447 0.833333 0.261535 -0.95331 0.150997
0.766943 -4.12441 1.10621 0.033886 0.916667 0.033876 -0.997702 0.058675
1.32838 -4.13798 0.422986 -0.049447 0.916667 0.058675 -0.997702 0.033876
1.47363 -3.88273 2.58531 0.033886 0.833333 0.150997 -0.95331 0.261535
0.766943 -4.12441 1.10621 0.033886 0.916667 0.033876 -0.997702 0.058675
2.55241 -3.90894 1.27038 -0.049447 0.833333 0.261535 -0.95331 0.150997
1.47363 -3.88273 2.58531 0.033886 0.833333 0.150997 -0.95331 0.261535
-0 -4.11945 1.35629 0.11722 0.916667 -0 -0.997702 0.067752
0.766943 -4.12441 1.10621 0.033886 0.916667 0.033876 -0.997702 0.058675
-0 -3.87314 3.0666 0.11722 0.833333 -0 -0.95331 0.301994
-0 -4.11945 1.35629 0.11722 0.916667 -0 -0.997702 0.067752
1.47363 -3.88273 2.58531 0.033886 0.833333 0.150997 -0.95331 0.261535
-0 -3.87314 3.0666 0.11722 0.833333 -0 -0.95331 0.301994
-0.766943 -4.12441 1.10621 0.200553 0.916667 -0.033876 -0.997702 0.058675
-0 -4.11945 1.35629 0.11722 0.916667 -0 -0.997702 0.067752
-1.47363 -3.88273 2.58531 0.200553 0.833333 -0.150997 -0.95331 0.261535
-0.766943 -4.12441 1.10621 0.200553 0.916667 -0.033876 -0.997702 0.058675
-0 -3.87314 3.0666 0.11722 0.833333 -0 -0.95331 0.301994
-1.47363 -3.88273 2.58531 0.200553 0.833333 -0.150997 -0.95331 0.261535
-1.32838 -4.13798 0.422986 0.283886 0.916667 -0.058675 -0.997702 0.033876
-0.766943 -4.12441 1.10621 0.200553 0.916667 -0.033876 -0.997702 0.058675
-2.55241 -3.90894 1.27038 0.283886 0.833333 -0.261535 -0.95331 0.150997
-1.32838 -4.13798 0.422986 0.283886 0.916667 -0.058675 -0.997702 0.033876
-1.47363 -3.88273 2.58531 0.200553 0.833333 -0.150997 -0.95331 0.261535
-2.55241 -3.90894 1.27038 0.283886 0.833333 -0.261535 -0.95331 0.150997
-1.53389 -4.15652 -0.510316 0.36722 0.916667 -0.067752 -0.997702 0
-1.32838 -4.13798 0.422986 0.283886 0.916667 -0.058675 -0.997702 0.033876
-2.94727 -3.94475 -0.525835 0.36722 0.833333 -0.301994 -0.95331 0
-1.53389 -4.15652 -0.510316 0.36722 0.916667 -0.067752 -0.997702 0
-2.55241 -3.90894 1.27038 0.283886 0.833333 -0.261535 -0.95331 0.150997
-2.94727 -3.94475 -0.525835 0.36722 0.833333 -0.301994 -0.95331 0
-1.32838 -4.00252 -1.20304 0.450553 0.916667 -0.058675 -0.997702 -0.033876
-1.53389 -4.15652 -0.510316 0.36722 0.916667 -0.067752 -0.997702 0
-2.55241 -3.64145 -1.84513 0.450553 0.833333 -0.261535 -0.95331 -0.150997
-1.32838 -4.00252 -1.20304 0.450553 0.916667 -0.058675 -0.997702 -0.033876
-2.94727 -3.94475 -0.525835 0.36722 0.833333 -0.301994 -0.95331 0
-2.55241 -3.64145 -1.84513 0.450553 0.833333 -0.261535 -0.95331 -0.150997
-0.766943 -3.88342 -1.70127 0.533886 0.916667 -0.033876 -0.997702 -0.058675
-1.32838 -4.00252 -1.20304 0.450553 0.916667 -0.058675 -0.997702 -0.033876
-1.47363 -3.4131 -2.80202 0.533886 0.833333 -0.150997 -0.95331 -0.261535
-0.766943 -3.88342 -1.70127 0.533886 0.916667 -0.033876 -0.997702 -0.058675
-2.55241 -3.64145 -1.84513 0.450553 0.833333 -0.261535 -0.95331 -0.150997
-1.47363 -3.4131 -2.80202 0.533886 0.833333 -0.150997 -0.95331 -0.261535
-0 -3.83983 -1.88364 0.61722 0.916667 0 -0.997702 -0.067752
-0.766943 -3.88342 -1.70127 0.533886 0.916667 -0.033876 -0.997702 -0.058675
-0 -3.32952 -3.15227 0.61722 0.833333 0 -0.95331 -0.301994
-0 -3.83983 -1.88364 0.61722 0.916667 0 -0.997702 -0.067752
-1.47363 -3.4131 -2.80202 0.533886 0.833333 -0.150997 -0.95331 -0.261535
-0 -3.32952 -3.15227 0.61722 0.833333 0 -0.95331 -0.301994
0.766943 -3.88342 -1.70127 0.700553 0.916667 0.033876 -0.997702 -0.058675
-0 -3.83983 -1.88364 0.61722 0.916667 0 -0.997702 -0.067752
1.47363 -3.4131 -2.80202 0.700553 0.833333 0.150997 -0.95331 -0.261535
0.766943 -3.88342 -1.70127 0.700553 0.916667 0.033876 -0.997702 -0.058675
-0 -3.32952 -3.15227 0.61722 0.833333 0 -0.95331 -0.301994
1.47363 -3.4131 -2.80202 0.700553 0.833333 0.150997 -0.95331 -0.261535
1.32838 -4.00252 -1.20304 0.783886 0.916667 0.058675 -0.997702 -0.033876
0.766943 -3.88342 -1.70127 0.700553 0.916667 0.033876 -0.997702 -0.058675
2.55241 -3.64145 -1.84513 0.783886 0.833333 0.261535 -0.95331 -0.150997
1.32838 -4.00252 -1.20304 0.783886 0.916667 0.058675 -0.997702 -0.033876
1.47363 -3.4131 -2.80202 0.700553 0.833333 0.150997 -0.95331 -0.261535
2.55241 -3.64145 -1.84513 0.783886 0.833333 0.261535 -0.95331 -0.150997
1.53389 -4.15652 -0.510316 0.86722 0.916667 0.067752 -0.997702 -0
1.32838 -4.00252 -1.20304 0.783886 0.916667 0.058675 -0.997702 -0.033876
2.94727 -3.94475 -0.525835 0.86722 0.833333 0.301994 -0.95331 -0
1.53389 -4.15652 -0.510316 0.86722 0.916667 0.067752 -0.997702 -0
2.55241 -3.64145 -1.84513 0.783886 0.833333 0.261535 -0.95331 -0.150997
2.94727 -3.94475 -0.525835 0.86722 0.833333 0.301994 -0.95331 -0
1.32838 -4.13798 0.422986 0.950553 0.916667 0.058675 -0.997702 0.033876
1.53389 -4.15652 -0.510316 0.86722 0.916667 0.067752 -0.997702 -0
2.55241 -3.90894 1.27038 0.950553 0.833333 0.261535 -0.95331 0.150997
1.32838 -4.13798 0.422986 0.950553 0.916667 0.058675 -0.997702 0.033876
2.94727 -3.94475 -0.525835 0.86722 0.833333 0.301994 -0.95331 -0
3.13545 -3.47235 1.64165 -0.049447 0.75 0.569448 -0.753418 0.328771
1.47363 -3.88273 2.58531 0.033886 0.833333 0.150997 -0.95331 0.261535
2.55241 -3.90894 1.27038 -0.049447 0.833333 0.261535 -0.95331 0.150997
1.81026 -3.44033 3.26356 0.033886 0.75 0.328771 -0.753418 0.569448
1.47363 -3.88273 2.58531 0.033886 0.833333 0.150997 -0.95331 0.261535
3.13545 -3.47235 1.64165 -0.049447 0.75 0.569448 -0.753418 0.328771
1.81026 -3.44033 3.26356 0.033886 0.75 0.328771 -0.753418 0.569448
-0 -3.87314 3.0666 0.11722 0.833333 -0 -0.95331 0.301994
1.47363 -3.88273 2.58531 0.033886 0.833333 0.150997 -0.95331 0.261535
-0 -3.42861 3.85722 0.11722 0.75 0 -0.753418 0.657542
-0 -3.87314 3.0666 0.11722 0.833333 -0 -0.95331 0.301994
1.81026 -3.44033 3.26356 0.033886 0.75 0.328771 -0.753418 0.569448
-0 -3.42861 3.85722 0.11722 0.75 0 -0.753418 0.657542
-1.47363 -3.88273 2.58531 0.200553 0.833333 -0.150997 -0.95331 0.261535
-0 -3.87314 3.0666 0.11722 0.833333 -0 -0.95331 0.301994
-1.81026 -3.44033 3.26356 0.200553 0.75 -0.328771 -0.753418 0.569448
-1.47363 -3.88273 2.58531 0.200553 0.833333 -0.150997 -0.95331 0.261535
-0 -3.42861 3.85722 0.11722 0.75 0 -0.753418 0.657542
-1.81026 -3.44033 3.26356 0.200553 0.75 -0.328771 -0.753418 0.569448
-2.55241 -3.90894 1.27038 0.283886 0.833333 -0.261535 -0.95331 0.150997
-1.47363 -3.88273 2.58531 0.200553 0.833333 -0.150997 -0.95331 0.261535
-3.13545 -3.47235 1.64165 0.283886 0.75 -0.569448 -0.753418 0.328771
-2.55241 -3.90894 1.27038 0.283886 0.833333 -0.261535 -0.95331 0.150997
-1.81026 -3.44033 3.26356 0.200553 0.75 -0.328771 -0.753418 0.569448
-3.13545 -3.47235 1.64165 0.283886 0.75 -0.569448 -0.753418 0.328771
-2.94727 -3.94475 -0.525835 0.36722 0.833333 -0.301994 -0.95331 0
-2.55241 -3.90894 1.27038 0.283886 0.833333 -0.261535 -0.95331 0.150997
-3.62051 -3.5161 -0.573916 0.36722 0.75 -0.657542 -0.753418 -0
-2.94727 -3.94475 -0.525835 0.36722 0.833333 -0.301994 -0.95331 0
-3.13545 -3.47235 1.64165 0.283886 0.75 -0.569448 -0.753418 0.328771
-3.62051 -3.5161 -0.573916 0.36722 0.75 -0.657542 -0.753418 -0
-2.55241 -3.64145 -1.84513 0.450553 0.833333 -0.261535 -0.95331 -0.150997
-2.94727 -3.94475 -0.525835 0.36722 0.833333 -0.301994 -0.95331 0
-3.13545 -3.1507 -2.19027 0.450553 0.75 -0.569448 -0.753418 -0.328771
-2.55241 -3.64145 -1.84513 0.450553 0.833333 -0.261535 -0.95331 -0.150997
-3.62051 -3.5161 -0.573916 0.36722 0.75 -0.657542 -0.753418 -0
-3.13545 -3.1507 -2.19027 0.450553 0.75 -0.569448 -0.753418 -0.328771
-1.47363 -3.4131 -2.80202 0.533886 0.833333 -0.150997 -0.95331 -0.261535
-2.55241 -3.64145 -1.84513 0.450553 0.833333 -0.261535 -0.95331 -0.150997
-1.81026 -2.877 -3.36443 0.533886 0.75 -0.328771 -0.753418 -0.569448
-1.47363 -3.4131 -2.80202 0.533886 0.833333 -0.150997 -0.95331 -0.261535
-3.13545 -3.1507 -2.19027 0.450553 0.75 -0.569448 -0.753418 -0.328771
-1.81026 -2.877 -3.36443 0.533886 0.75 -0.328771 -0.753418 -0.569448
-0 -3.32952 -3.15227 0.61722 0.833333 0 -0.95331 -0.301994
-1.47363 -3.4131 -2.80202 0.533886 0.833333 -0.150997 -0.95331 -0.261535
-0 -2.77681 -3.7942 0.61722 0.75 0 -0.753418 -0.657542
-0 -3.32952 -3.15227 0.61722 0.833333 0 -0.95331 -0.301994
-1.81026 -2.877 -3.36443 0.533886 0.75 -0.328771 -0.753418 -0.569448
-0 -2.77681 -3.7942 0.61722 0.75 0 -0.753418 -0.657542
1.47363 -3.4131 -2.80202 0.700553 0.833333 0.150997 -0.95331 -0.261535
-0 -3.32952 -3.15227 0.61722 0.833333 0 -0.95331 -0.301994
1.81026 -2.877 -3.36443 0.700553 0.75 0.328771 -0.753418 -0.569448
1.47363 -3.4131 -2.80202 0.700553 0.833333 0.150997 -0.95331 -0.261535
-0 -2.77681 -3.7942 0.61722 0.75 0 -0.753418 -0.657542
1.81026 -2.877 -3.36443 0.700553 0.75 0.328771 -0.753418 -0.569448
2.55241 -3.64145 -1.84513 0.783886 0.833333 0.261535 -0.95331 -0.150997
1.47363 -3.4131 -2.80202 0.700553 0.833333 0.150997 -0.95331 -0.261535
3.13545 -3.1507 -2.19027 0.783886 0.75 0.569448 -0.753418 -0.328771
2.55241 -3.64145 -1.84513 0.783886 0.833333 0.261535 -0.95331 -0.150997
1.81026 -2.877 -3.36443 0.700553 0.75 0.328771 -0.753418 -0.569448
3.13545 -3.1507 -2.19027 0.783886 0.75 0.569448 -0.753418 -0.328771
2.94727 -3.94475 -0.525835 0.86722 0.833333 0.301994 -0.95331 -0
2.55241 -3.64145 -1.84513 0.783886 0.833333 0.261535 -0.95331 -0.150997
3.62051 -3.5161 -0.573916 0.86722 0.75 0.657542 -0.753418 0
2.94727 -3.94475 -0.525835 0.86722 0.833333 0.301994 -0.95331 -0
3.13545 -3.1507 -2.19027 0.783886 0.75 0.569448 -0.753418 -0.328771
3.62051 -3.5161 -0.573916 0.86722 0.75 0.657542 -0.753418 0
2.55241 -3.90894 1.27038 0.950553 0.833333 0.261535 -0.95331 0.150997
2.94727 -3.94475 -0.525835 0.86722 0.833333 0.301994 -0.95331 -0
3.13545 -3.47235 1.64165 0.950553 0.75 0.569448 -0.753418 0.328771
2.55241 -3.90894 1.27038 0.950553 0.833333 0.261535 -0.95331 0.150997
3.62051 -3.5161 -0.573916 0.86722 0.75 0.657542 -0.753418 0
3.86733 -2.63949 1.90236 -0.049447 0.666667 0.754294 -0.491313 0.435492
1.81026 -3.44033 3.26356 0.033886 0.75 0.328771 -0.753418 0.569448
3.13545 -3.47235 1.64165 -0.049447 0.75 0.569448 -0.753418 0.328771
2.23281 -2.60272 3.77928 0.033886 0.666667 0.435492 -0.491313 0.754294
1.81026 -3.44033 3.26356 0.033886 0.75 0.328771 -0.753418 0.569448
3.86733 -2.63949 1.90236 -0.049447 0.666667 0.754294 -0.491313 0.435492
2.23281 -2.60272 3.77928 0.033886 0.666667 0.435492 -0.491313 0.754294
-0 -3.42861 3.85722 0.11722 0.75 0 -0.753418 0.657542
1.81026 -3.44033 3.26356 0.033886 0.75 0.328771 -0.753418 0.569448
-0 -2.58926 4.46629 0.11722 0.666667 0 -0.491313 0.870983
-0 -3.42861 3.85722 0.11722 0.75 0 -0.753418 0.657542
2.23281 -2.60272 3.77928 0.033886 0.666667 0.435492 -0.491313 0.754294
-0 -2.58926 4.46629 0.11722 0.666667 0 -0.491313 0.870983
-1.81026 -3.44033 3.26356 0.200553 0.75 -0.328771 -0.753418 0.569448
-0 -3.42861 3.85722 0.11722 0.75 0 -0.753418 0.657542
-2.23281 -2.60272 3.77928 0.200553 0.666667 -0.435492 -0.491313 0.754294
-1.81026 -3.44033 3.26356 0.200553 0.75 -0.328771 -0.753418 0.569448
-0 -2.58926 4.46629 0.11722 0.666667 0 -0.491313 0.870983
-2.23281 -2.60272 3.77928 0.200553 0.666667 -0.435492 -0.491313 0.754294
-3.13545 -3.47235 1.64165 0.283886 0.75 -0.569448 -0.753418 0.328771
-1.81026 -3.44033 3.26356 0.200553 0.75 -0.328771 -0.753418 0.569448
-3.86733 -2.63949 1.90236 0.283886 0.666667 -0.754294 -0.491313 0.435492
-3.13545 -3.47235 1.64165 0.283886 0.75 -0.569448 -0.753418 0.328771
-2.23281 -2.60272 3.77928 0.200553 0.666667 -0.435492 -0.491313 0.754294
-3.86733 -2.63949 1.90236 0.283886 0.666667 -0.754294 -0.491313 0.435492
-3.62051 -3.5161 -0.573916 0.36722 0.75 -0.657542 -0.753418 -0
-3.13545 -3.47235 1.64165 0.283886 0.75 -0.569448 -0.753418 0.328771
-4.46561 -2.68972 -0.661565 0.36722 0.666667 -0.870983 -0.491313 -0
-3.62051 -3.5161 -0.573916 0.36722 0.75 -0.657542 -0.753418 -0
-3.86733 -2.63949 1.90236 0.283886 0.666667 -0.754294 -0.491313 0.435492
-4.46561 -2.68972 -0.661565 0.36722 0.666667 -0.870983 -0.491313 -0
-3.13545 -3.1507 -2.19027 0.450553 0.75 -0.569448 -0.753418 -0.328771
-3.62051 -3.5161 -0.573916 0.36722 0.75 -0.657542 -0.753418 -0
-3.86733 -2.28464 -2.51205 0.450553 0.666667 -0.754294 -0.491313 -0.435492
-3.13545 -3.1507 -2.19027 0.450553 0.75 -0.569448 -0.753418 -0.328771
-4.46561 -2.68972 -0.661565 0.36722 0.666667 -0.870983 -0.491313 -0
-3.86733 -2.28464 -2.51205 0.450553 0.666667 -0.754294 -0.491313 -0.435492
-1.81026 -2.877 -3.36443 0.533886 0.75 -0.328771 -0.753418 -0.569448
-3.13545 -3.1507 -2.19027 0.450553 0.75 -0.569448 -0.753418 -0.328771
-2.23281 -1.98209 -3.85728 0.533886 0.666667 -0.435492 -0.491313 -0.754294
-1.81026 -2.877 -3.36443 0.533886 0.75 -0.328771 -0.753418 -0.569448
-3.86733 -2.28464 -2.51205 0.450553 0.666667 -0.754294 -0.491313 -0.435492
-2.23281 -1.98209 -3.85728 0.533886 0.666667 -0.435492 -0.491313 -0.754294
-0 -2.77681 -3.7942 0.61722 0.75 0 -0.753418 -0.657542
-1.81026 -2.877 -3.36443 0.533886 0.75 -0.328771 -0.753418 -0.569448
-0 -1.87135 -4.34967 0.61722 0.666667 0 -0.491313 -0.870983
-0 -2.77681 -3.7942 0.61722 0.75 0 -0.753418 -0.657542
-2.23281 -1.98209 -3.85728 0.533886 0.666667 -0.435492 -0.491313 -0.754294
-0 -1.87135 -4.34967 0.61722 0.666667 0 -0.491313 -0.870983
1.81026 -2.877 -3.36443 0.700553 0.75 0.328771 -0.753418 -0.569448
-0 -2.77681 -3.7942 0.61722 0.75 0 -0.753418 -0.657542
2.23281 -1.98209 -3.85728 0.700553 0.666667 0.435492 -0.491313 -0.754294
1.81026 -2.877 -3.36443 0.700553 0.75 0.328771 -0.753418 -0.569448
-0 -1.87135 -4.34967 0.61722 0.666667 0 -0.491313 -0.870983
2.23281 -1.98209 -3.85728 0.700553 0.666667 0.435492 -0.491313 -0.754294
3.13545 -3.1507 -2.19027 0.783886 0.75 0.569448 -0.753418 -0.328771
1.81026 -2.877 -3.36443 0.700553 0.75 0.328771 -0.753418 -0.569448
3.86733 -2.28464 -2.51205 0.783886 0.666667 0.754294 -0.491313 -0.435492
3.13545 -3.1507 -2.19027 0.783886 0.75 0.569448 -0.753418 -0.328771
2.23281 -1.98209 -3.85728 0.700553 0.666667 0.435492 -0.491313 -0.754294
3.86733 -2.28464 -2.51205 0.783886 0.666667 0.754294 -0.491313 -0.435492
3.62051 -3.5161 -0.573916 0.86722 0.75 0.657542 -0.753418 0
3.13545 -3.1507 -2.19027 0.783886 0.75 0.569448 -0.753418 -0.328771
4.46561 -2.68972 -0.661565 0.86722 0.666667 0.870983 -0.491313 0
3.62051 -3.5161 -0.573916 0.86722 0.75 0.657542 -0.753418 0
3.86733 -2.28464 -2.51205 0.783886 0.666667 0.754294 -0.491313 -0.435492
4.46561 -2.68972 -0.661565 0.86722 0.666667 0.870983 -0.491313 0
3.13545 -3.47235 1.64165 0.950553 0.75 0.569448 -0.753418 0.328771
3.62051 -3.5161 -0.573916 0.86722 0.75 0.657542 -0.753418 0
3.86733 -2.63949 1.90236 0.950553 0.666667 0.754294 -0.491313 0.435492
3.13545 -3.47235 1.64165 0.950553 0.75 0.569448 -0.753418 0.328771
4.46561 -2.68972 -0.661565 0.86722 0.666667 0.870983 -0.491313 0
4.32303 -1.66673 2.05682 -0.049447 0.583333 0.846246 -0.212387 0.48863
2.23281 -2.60272 3.77928 0.033886 0.666667 0.435492 -0.491313 0.754294
3.86733 -2.63949 1.90236 -0.049447 0.666667 0.754294 -0.491313 0.435492
2.4959 -1.62694 4.10486 0.033886 0.583333 0.489179 -0.206765 0.84732
2.23281 -2.60272 3.77928 0.033886 0.666667 0.435492 -0.491313 0.754294
4.32303 -1.66673 2.05682 -0.049447 0.583333 0.846246 -0.212387 0.48863
2.4959 -1.62694 4.10486 0.033886 0.583333 0.489179 -0.206765 0.84732
-0 -2.58926 4.46629 0.11722 0.666667 0 -0.491313 0.870983
2.23281 -2.60272 3.77928 0.033886 0.666667 0.435492 -0.491313 0.754294
0 -1.61238 4.8545 0.11722 0.583333 0 -0.204704 0.978824
-0 -2.58926 4.46629 0.11722 0.666667 0 -0.491313 0.870983
2.4959 -1.62694 4.10486 0.033886 0.583333 0.489179 -0.206765 0.84732
0 -1.61238 4.8545 0.11722 0.583333 0 -0.204704 0.978824
-2.23281 -2.60272 3.77928 0.200553 0.666667 -0.435492 -0.491313 0.754294
-0 -2.58926 4.46629 0.11722 0.666667 0 -0.491313 0.870983
-2.4959 -1.62694 4.10486 0.200553 0.583333 -0.489179 -0.206765 0.84732
-2.23281 -2.60272 3.77928 0.200553 0.666667 -0.435492 -0.491313 0.754294
0 -1.61238 4.8545 0.11722 0.583333 0 -0.204704 0.978824
-2.4959 -1.62694 4.10486 0.200553 0.583333 -0.489179 -0.206765 0.84732
-3.86733 -2.63949 1.90236 0.283886 0.666667 -0.754294 -0.491313 0.435492
-2.23281 -2.60272 3.77928 0.200553 0.666667 -0.435492 -0.491313 0.754294
-4.32303 -1.66673 2.05682 0.283886 0.583333 -0.846246 -0.212387 0.48863
-3.86733 -2.63949 1.90236 0.283886 0.666667 -0.754294 -0.491313 0.435492
-2.4959 -1.62694 4.10486 0.200553 0.583333 -0.489179 -0.206765 0.84732
-4.32303 -1.66673 2.05682 0.283886 0.583333 -0.846246 -0.212387 0.48863
-4.46561 -2.68972 -0.661565 0.36722 0.666667 -0.870983 -0.491313 -0
-3.86733 -2.63949 1.90236 0.283886 0.666667 -0.754294 -0.491313 0.435492
-4.99181 -1.72107 -0.740846 0.36722 0.583333 -0.97549 -0.220044 6.6e-05
-4.46561 -2.68972 -0.661565 0.36722 0.666667 -0.870983 -0.491313 -0
-4.32303 -1.66673 2.05682 0.283886 0.583333 -0.846246 -0.212387 0.48863
-4.99181 -1.72107 -0.740846 0.36722 0.583333 -0.97549 -0.220044 6.6e-05
-3.86733 -2.28464 -2.51205 0.450553 0.666667 -0.754294 -0.491313 -0.435492
-4.46561 -2.68972 -0.661565 0.36722 0.666667 -0.870983 -0.491313 -0
-4.32303 -1.30042 -2.77997 0.450553 0.583333 -0.843318 -0.227671 -0.486807
-3.86733 -2.28464 -2.51205 0.450553 0.666667 -0.754294 -0.491313 -0.435492
-4.99181 -1.72107 -0.740846 0.36722 0.583333 -0.97549 -0.220044 6.6e-05
-4.32303 -1.30042 -2.77997 0.450553 0.583333 -0.843318 -0.227671 -0.486807
-2.23281 -1.98209 -3.85728 0.533886 0.666667 -0.435492 -0.491313 -0.754294
-3.86733 -2.28464 -2.51205 0.450553 0.666667 -0.754294 -0.491313 -0.435492
-2.4959 -0.986694 -4.26348 0.533886 0.583333 -0.486251 -0.233234 -0.842117
-2.23281 -1.98209 -3.85728 0.533886 0.666667 -0.435492 -0.491313 -0.754294
-4.32303 -1.30042 -2.77997 0.450553 0.583333 -0.843318 -0.227671 -0.486807
-2.4959 -0.986694 -4.26348 0.533886 0.583333 -0.486251 -0.233234 -0.842117
-0 -1.87135 -4.34967 0.61722 0.666667 0 -0.491313 -0.870983
-2.23281 -1.98209 -3.85728 0.533886 0.666667 -0.435492 -0.491313 -0.754294
-0 -0.871863 -4.80648 0.61722 0.583333 -0 -0.235266 -0.971931
-0 -1.87135 -4.34967 0.61722 0.666667 0 -0.491313 -0.870983
-2.4959 -0.986694 -4.26348 0.533886 0.583333 -0.486251 -0.233234 -0.842117
-0 -0.871863 -4.80648 0.61722 0.583333 -0 -0.235266 -0.971931
2.23281 -1.98209 -3.85728 0.700553 0.666667 0.435492 -0.491313 -0.754294
-0 -1.87135 -4.34967 0.61722 0.666667 0 -0.491313 -0.870983
2.4959 -0.986694 -4.26348 0.700553 0.583333 0.486251 -0.233234 -0.842117
2.23281 -1.98209 -3.85728 0.700553 0.666667 0.435492 -0.491313 -0.754294
-0 -0.871863 -4.80648 0.61722 0.583333 -0 -0.235266 -0.971931
2.4959 -0.986694 -4.26348 0.700553 0.583333 0.486251 -0.233234 -0.842117
3.86733 -2.28464 -2.51205 0.783886 0.666667 0.754294 -0.491313 -0.435492
2.23281 -1.98209 -3.85728 0.700553 0.666667 0.435492 -0.491313 -0.754294
4.32303 -1.30042 -2.77997 0.783886 0.583333 0.843318 -0.227671 -0.486807
3.86733 -2.28464 -2.51205 0.783886 0.666667 0.754294 -0.491313 -0.435492
2.4959 -0.986694 -4.26348 0.700553 0.583333 0.486251 -0.233234 -0.842117
4.32303 -1.30042 -2.77997 0.783886 0.583333 0.843318 -0.227671 -0.486807
4.46561 -2.68972 -0.661565 0.86722 0.666667 0.870983 -0.491313 0
3.86733 -2.28464 -2.51205 0.783886 0.666667 0.754294 -0.491313 -0.435492
4.99181 -1.72107 -0.740846 0.86722 0.583333 0.97549 -0.220044 6.6e-05
4.46561 -2.68972 -0.661565 0.86722 0.666667 0.870983 -0.491313 0
4.32303 -1.30042 -2.77997 0.783886 0.583333 0.843318 -0.227671 -0.486807
4.99181 -1.72107 -0.740846 0.86722 0.583333 0.97549 -0.220044 6.6e-05
3.86733 -2.63949 1.90236 0.950553 0.666667 0.754294 -0.491313 0.435492
4.46561 -2.68972 -0.661565 0.86722 0.666667 0.870983 -0.491313 0
4.32303 -1.66673 2.05682 0.950553 0.583333 0.846246 -0.212387 0.48863
3.86733 -2.63949 1.90236 0.950553 0.666667 0.754294 -0.491313 0.435492
4.99181 -1.72107 -0.740846 0.86722 0.583333 0.97549 -0.220044 6.6e-05
4.32303 -1.66673 2.05682 -0.049447 0.583333 0.846246 -0.212387 0.48863
2.53609 -0.33222 4.1294 0.033886 0.5 0.497841 0.073744 0.864128
2.4959 -1.62694 4.10486 0.033886 0.583333 0.489179 -0.206765 0.84732
4.39264 -0.372645 2.02731 -0.049447 0.5 0.863208 0.068435 0.500189
2.53609 -0.33222 4.1294 0.033886 0.5 0.497841 0.073744 0.864128
4.32303 -1.66673 2.05682 -0.049447 0.583333 0.846246 -0.212387 0.48863
2.4959 -1.62694 4.10486 0.033886 0.583333 0.489179 -0.206765 0.84732
0 -0.317423 4.89882 0.11722 0.5 0 0.075771 0.997125
0 -1.61238 4.8545 0.11722 0.583333 0 -0.204704 0.978824
2.53609 -0.33222 4.1294 0.033886 0.5 0.497841 0.073744 0.864128
0 -0.317423 4.89882 0.11722 0.5 0 0.075771 0.997125
2.4959 -1.62694 4.10486 0.033886 0.583333 0.489179 -0.206765 0.84732
0 -0.317423 4.89882 0.11722 0.5 0 0.075771 0.997125
-2.4959 -1.62694 4.10486 0.200553 0.583333 -0.489179 -0.206765 0.84732
0 -1.61238 4.8545 0.11722 0.583333 0 -0.204704 0.978824
-2.53609 -0.33222 4.1294 0.200553 0.5 -0.497841 0.073744 0.864128
-2.4959 -1.62694 4.10486 0.200553 0.583333 -0.489179 -0.206765 0.84732
0 -0.317423 4.89882 0.11722 0.5 0 0.075771 0.997125
-2.53609 -0.33222 4.1294 0.200553 0.5 -0.497841 0.073744 0.864128
-4.32303 -1.66673 2.05682 0.283886 0.583333 -0.846246 -0.212387 0.48863
-2.4959 -1.62694 4.10486 0.200553 0.583333 -0.489179 -0.206765 0.84732
-4.39264 -0.372645 2.02731 0.283886 0.5 -0.863208 0.068435 0.500189
-4.32303 -1.66673 2.05682 0.283886 0.583333 -0.846246 -0.212387 0.48863
-2.53609 -0.33222 4.1294 0.200553 0.5 -0.497841 0.073744 0.864128
-4.39264 -0.372645 2.02731 0.283886 0.5 -0.863208 0.068435 0.500189
-4.99181 -1.72107 -0.740846 0.36722 0.583333 -0.97549 -0.220044 6.6e-05
-4.32303 -1.66673 2.05682 0.283886 0.583333 -0.846246 -0.212387 0.48863
-5.07219 -0.427867 -0.844197 0.36722 0.5 -0.998095 0.061671 0.001784
-4.99181 -1.72107 -0.740846 0.36722 0.583333 -0.97549 -0.220044 6.6e-05
-4.39264 -0.372645 2.02731 0.283886 0.5 -0.863208 0.068435 0.500189
-5.07219 -0.427867 -0.844197 0.36722 0.5 -0.998095 0.061671 0.001784
-4.32303 -1.30042 -2.77997 0.450553 0.583333 -0.843318 -0.227671 -0.486807
-4.99181 -1.72107 -0.740846 0.36722 0.583333 -0.97549 -0.220044 6.6e-05
-4.39264 -0.014002 -3.04728 0.450553 0.5 -0.865456 0.055391 -0.497914
-4.32303 -1.30042 -2.77997 0.450553 0.583333 -0.843318 -0.227671 -0.486807
-5.07219 -0.427867 -0.844197 0.36722 0.5 -0.998095 0.061671 0.001784
-4.39264 -0.014002 -3.04728 0.450553 0.5 -0.865456 0.055391 -0.497914
-2.4959 -0.986694 -4.26348 0.533886 0.583333 -0.486251 -0.233234 -0.842117
-4.32303 -1.30042 -2.77997 0.450553 0.583333 -0.843318 -0.227671 -0.486807
-2.53609 0.288968 -4.66005 0.533886 0.5 -0.500101 0.051056 -0.864461
-2.4959 -0.986694 -4.26348 0.533886 0.583333 -0.486251 -0.233234 -0.842117
-4.39264 -0.014002 -3.04728 0.450553 0.5 -0.865456 0.055391 -0.497914
-2.53609 0.288968 -4.66005 0.533886 0.5 -0.500101 0.051056 -0.864461
-0 -0.871863 -4.80648 0.61722 0.583333 -0 -0.235266 -0.971931
-2.4959 -0.986694 -4.26348 0.533886 0.583333 -0.486251 -0.233234 -0.842117
0 0.399863 -5.25036 0.61722 0.5 0 0.049519 -0.998773
-0 -0.871863 -4.80648 0.61722 0.583333 -0 -0.235266 -0.971931
-2.53609 0.288968 -4.66005 0.533886 0.5 -0.500101 0.051056 -0.864461
-0 -0.871863 -4.80648 0.61722 0.583333 -0 -0.235266 -0.971931
2.53609 0.288968 -4.66005 0.700553 0.5 0.500101 0.051056 -0.864461
2.4959 -0.986694 -4.26348 0.700553 0.583333 0.486251 -0.233234 -0.842117
0 0.399863 -5.25036 0.61722 0.5 0 0.049519 -0.998773
2.53609 0.288968 -4.66005 0.700553 0.5 0.500101 0.051056 -0.864461
-0 -0.871863 -4.80648 0.61722 0.583333 -0 -0.235266 -0.971931
2.4959 -0.986694 -4.26348 0.700553 0.583333 0.486251 -0.233234 -0.842117
4.39264 -0.014002 -3.04728 0.783886 0.5 0.865456 0.055391 -0.497914
4.32303 -1.30042 -2.77997 0.783886 0.583333 0.843318 -0.227671 -0.486807
2.53609 0.288968 -4.66005 0.700553 0.5 0.500101 0.051056 -0.864461
4.39264 -0.014002 -3.04728 0.783886 0.5 0.865456 0.055391 -0.497914
2.4959 -0.986694 -4.26348 0.700553 0.583333 0.486251 -0.233234 -0.842117
4.32303 -1.30042 -2.77997 0.783886 0.583333 0.843318 -0.227671 -0.486807
5.07219 -0.427867 -0.844197 0.86722 0.5 0.998095 0.061671 0.001784
4.99181 -1.72107 -0.740846 0.86722 0.583333 0.97549 -0.220044 6.6e-05
4.39264 -0.014002 -3.04728 0.783886 0.5 0.865456 0.055391 -0.497914
5.07219 -0.427867 -0.844197 0.86722 0.5 0.998095 0.061671 0.001784
4.32303 -1.30042 -2.77997 0.783886 0.583333 0.843318 -0.227671 -0.486807
4.99181 -1.72107 -0.740846 0.86722 0.583333 0.97549 -0.220044 6.6e-05
4.39264 -0.372645 2.02731 0.950553 0.5 0.863208 0.068435 0.500189
4.32303 -1.66673 2.05682 0.950553 0.583333 0.846246 -0.212387 0.48863
5.07219 -0.427867 -0.844197 0.86722 0.5 0.998095 0.061671 0.001784
4.39264 -0.372645 2.02731 0.950553 0.5 0.863208 0.068435 0.500189
4.99181 -1.72107 -0.740846 0.86722 0.583333 0.97549 -0.220044 6.6e-05
4.18258 0.935253 1.89638 -0.049447 0.416667 0.823109 0.288186 0.489326
2.53609 -0.33222 4.1294 0.033886 0.5 0.497841 0.073744 0.864128
4.39264 -0.372645 2.02731 -0.049447 0.5 0.863208 0.068435 0.500189
2.41481 0.824993 3.92256 0.033886 0.416667 0.474155 0.278661 0.83518
2.53609 -0.33222 4.1294 0.033886 0.5 0.497841 0.073744 0.864128
4.18258 0.935253 1.89638 -0.049447 0.416667 0.823109 0.288186 0.489326
2.41481 0.824993 3.92256 0.033886 0.416667 0.474155 0.278661 0.83518
0 -0.317423 4.89882 0.11722 0.5 0 0.075771 0.997125
2.53609 -0.33222 4.1294 0.033886 0.5 0.497841 0.073744 0.864128
0 0.787636 4.66338 0.11722 0.416667 0 0.275321 0.961352
0 -0.317423 4.89882 0.11722 0.5 0 0.075771 0.997125
2.41481 0.824993 3.92256 0.033886 0.416667 0.474155 0.278661 0.83518
0 -0.317423 4.89882 0.11722 0.5 0 0.075771 0.997125
-2.41481 0.824993 3.92256 0.200553 0.416667 -0.474155 0.278661 0.83518
-2.53609 -0.33222 4.1294 0.200553 0.5 -0.497841 0.073744 0.864128
0 0.787636 4.66338 0.11722 0.416667 0 0.275321 0.961352
-2.41481 0.824993 3.92256 0.200553 0.416667 -0.474155 0.278661 0.83518
0 -0.317423 4.89882 0.11722 0.5 0 0.075771 0.997125
-2.53609 -0.33222 4.1294 0.200553 0.5 -0.497841 0.073744 0.864128
-4.18258 0.935253 1.89638 0.283886 0.416667 -0.823109 0.288186 0.489326
-4.39264 -0.372645 2.02731 0.283886 0.5 -0.863208 0.068435 0.500189
-2.41481 0.824993 3.92256 0.200553 0.416667 -0.474155 0.278661 0.83518
-4.18258 0.935253 1.89638 0.283886 0.416667 -0.823109 0.288186 0.489326
-2.53609 -0.33222 4.1294 0.200553 0.5 -0.497841 0.073744 0.864128
-4.39264 -0.372645 2.02731 0.283886 0.5 -0.863208 0.068435 0.500189
-4.82963 1.10527 -0.876722 0.36722 0.416667 -0.953186 0.302042 0.014373
-5.07219 -0.427867 -0.844197 0.36722 0.5 -0.998095 0.061671 0.001784
-4.18258 0.935253 1.89638 0.283886 0.416667 -0.823109 0.288186 0.489326
-4.82963 1.10527 -0.876722 0.36722 0.416667 -0.953186 0.302042 0.014373
-4.39264 -0.372645 2.02731 0.283886 0.5 -0.863208 0.068435 0.500189
-5.07219 -0.427867 -0.844197 0.36722 0.5 -0.998095 0.061671 0.001784
-4.18258 1.58584 -2.96153 0.450553 0.416667 -0.827715 0.316724 -0.463221
-4.39264 -0.014002 -3.04728 0.450553 0.5 -0.865456 0.055391 -0.497914
-4.82963 1.10527 -0.876722 0.36722 0.416667 -0.953186 0.302042 0.014373
-4.18258 1.58584 -2.96153 0.450553 0.416667 -0.827715 0.316724 -0.463221
-5.07219 -0.427867 -0.844197 0.36722 0.5 -0.998095 0.061671 0.001784
-4.39264 -0.014002 -3.04728 0.450553 0.5 -0.865456 0.055391 -0.497914
-2.41481 1.93885 -4.47196 0.533886 0.416667 -0.478782 0.32792 -0.814393
-2.53609 0.288968 -4.66005 0.533886 0.5 -0.500101 0.051056 -0.864461
-4.18258 1.58584 -2.96153 0.450553 0.416667 -0.827715 0.316724 -0.463221
-2.41481 1.93885 -4.47196 0.533886 0.416667 -0.478782 0.32792 -0.814393
-4.39264 -0.014002 -3.04728 0.450553 0.5 -0.865456 0.055391 -0.497914
-2.53609 0.288968 -4.66005 0.533886 0.5 -0.500101 0.051056 -0.864461
-0 2.06752 -5.02332 0.61722 0.416667 0 0.332102 -0.943243
0 0.399863 -5.25036 0.61722 0.5 0 0.049519 -0.998773
-2.41481 1.93885 -4.47196 0.533886 0.416667 -0.478782 0.32792 -0.814393
-0 2.06752 -5.02332 0.61722 0.416667 0 0.332102 -0.943243
-2.53609 0.288968 -4.66005 0.533886 0.5 -0.500101 0.051056 -0.864461
-0 2.06752 -5.02332 0.61722 0.416667 0 0.332102 -0.943243
2.53609 0.288968 -4.66005 0.700553 0.5 0.500101 0.051056 -0.864461
0 0.399863 -5.25036 0.61722 0.5 0 0.049519 -0.998773
2.41481 1.93885 -4.47196 0.700553 0.416667 0.478782 0.32792 -0.814393
2.53609 0.288968 -4.66005 0.700553 0.5 0.500101 0.051056 -0.864461
-0 2.06752 -5.02332 0.61722 0.416667 0 0.332102 -0.943243
2.41481 1.93885 -4.47196 0.700553 0.416667 0.478782 0.32792 -0.814393
4.39264 -0.014002 -3.04728 0.783886 0.5 0.865456 0.055391 -0.497914
2.53609 0.288968 -4.66005 0.700553 0.5 0.500101 0.051056 -0.864461
4.18258 1.58584 -2.96153 0.783886 0.416667 0.827715 0.316724 -0.463221
4.39264 -0.014002 -3.04728 0.783886 0.5 0.865456 0.055391 -0.497914
2.41481 1.93885 -4.47196 0.700553 0.416667 0.478782 0.32792 -0.814393
4.18258 1.58584 -2.96153 0.783886 0.416667 0.827715 0.316724 -0.463221
5.07219 -0.427867 -0.844197 0.86722 0.5 0.998095 0.061671 0.001784
4.39264 -0.014002 -3.04728 0.783886 0.5 0.865456 0.055391 -0.497914
4.82963 1.10527 -0.876722 0.86722 0.416667 0.953186 0.302042 0.014373
5.07219 -0.427867 -0.844197 0.86722 0.5 0.998095 0.061671 0.001784
4.18258 1.58584 -2.96153 0.783886 0.416667 0.827715 0.316724 -0.463221
4.82963 1.10527 -0.876722 0.86722 0.416667 0.953186 0.302042 0.014373
4.39264 -0.372645 2.02731 0.950553 0.5 0.863208 0.068435 0.500189
5.07219 -0.427867 -0.844197 0.86722 0.5 0.998095 0.061671 0.001784
4.18258 0.935253 1.89638 0.950553 0.416667 0.823109 0.288186 0.489326
4.39264 -0.372645 2.02731 0.950553 0.5 0.863208 0.068435 0.500189
4.82963 1.10527 -0.876722 0.86722 0.416667 0.953186 0.302042 0.014373
3.75 2.07035 1.73292 -0.049447 0.333333 0.713244 0.534616 0.453287
2.41481 0.824993 3.92256 0.033886 0.416667 0.474155 0.278661 0.83518
4.18258 0.935253 1.89638 -0.049447 0.416667 0.823109 0.288186 0.489326
2.16506 1.82041 3.56666 0.033886 0.333333 0.411101 0.514059 0.752821
2.41481 0.824993 3.92256 0.033886 0.416667 0.474155 0.278661 0.83518
3.75 2.07035 1.73292 -0.049447 0.333333 0.713244 0.534616 0.453287
2.16506 1.82041 3.56666 0.033886 0.333333 0.411101 0.514059 0.752821
0 0.787636 4.66338 0.11722 0.416667 0 0.275321 0.961352
2.41481 0.824993 3.92256 0.033886 0.416667 0.474155 0.278661 0.83518
0 1.734 4.23647 0.11722 0.333333 0 0.506598 0.862182
0 0.787636 4.66338 0.11722 0.416667 0 0.275321 0.961352
2.16506 1.82041 3.56666 0.033886 0.333333 0.411101 0.514059 0.752821
0 0.787636 4.66338 0.11722 0.416667 0 0.275321 0.961352
-2.16506 1.82041 3.56666 0.200553 0.333333 -0.411101 0.514059 0.752821
-2.41481 0.824993 3.92256 0.200553 0.416667 -0.474155 0.278661 0.83518
0 1.734 4.23647 0.11722 0.333333 0 0.506598 0.862182
-2.16506 1.82041 3.56666 0.200553 0.333333 -0.411101 0.514059 0.752821
0 0.787636 4.66338 0.11722 0.416667 0 0.275321 0.961352
-2.41481 0.824993 3.92256 0.200553 0.416667 -0.474155 0.278661 0.83518
-3.75 2.07035 1.73292 0.283886 0.333333 -0.713244 0.534616 0.453287
-4.18258 0.935253 1.89638 0.283886 0.416667 -0.823109 0.288186 0.489326
-2.16506 1.82041 3.56666 0.200553 0.333333 -0.411101 0.514059 0.752821
-3.75 2.07035 1.73292 0.283886 0.333333 -0.713244 0.534616 0.453287
-2.41481 0.824993 3.92256 0.200553 0.416667 -0.474155 0.278661 0.83518
-4.18258 0.935253 1.89638 0.283886 0.416667 -0.823109 0.288186 0.489326
-4.33013 2.4474 -0.778302 0.36722 0.333333 -0.825323 0.563059 0.042497
-4.82963 1.10527 -0.876722 0.36722 0.416667 -0.953186 0.302042 0.014373
-3.75 2.07035 1.73292 0.283886 0.333333 -0.713244 0.534616 0.453287
-4.33013 2.4474 -0.778302 0.36722 0.333333 -0.825323 0.563059 0.042497
-4.18258 0.935253 1.89638 0.283886 0.416667 -0.823109 0.288186 0.489326
-4.82963 1.10527 -0.876722 0.36722 0.416667 -0.953186 0.302042 0.014373
-3.75 2.9297 -2.61681 0.450553 0.333333 -0.716133 0.591855 -0.369948
-4.18258 1.58584 -2.96153 0.450553 0.416667 -0.827715 0.316724 -0.463221
-4.33013 2.4474 -0.778302 0.36722 0.333333 -0.825323 0.563059 0.042497
-3.75 2.9297 -2.61681 0.450553 0.333333 -0.716133 0.591855 -0.369948
-4.82963 1.10527 -0.876722 0.36722 0.416667 -0.953186 0.302042 0.014373
-4.18258 1.58584 -2.96153 0.450553 0.416667 -0.827715 0.316724 -0.463221
-2.16506 3.25177 -3.89042 0.533886 0.333333 -0.414005 0.613123 -0.672816
-2.41481 1.93885 -4.47196 0.533886 0.416667 -0.478782 0.32792 -0.814393
-3.75 2.9297 -2.61681 0.450553 0.333333 -0.716133 0.591855 -0.369948
-2.16506 3.25177 -3.89042 0.533886 0.333333 -0.414005 0.613123 -0.672816
-4.18258 1.58584 -2.96153 0.450553 0.416667 -0.827715 0.316724 -0.463221
-2.41481 1.93885 -4.47196 0.533886 0.416667 -0.478782 0.32792 -0.814393
-0 3.36112 -4.35082 0.61722 0.333333 -0 0.620943 -0.783856
-0 2.06752 -5.02332 0.61722 0.416667 0 0.332102 -0.943243
-2.16506 3.25177 -3.89042 0.533886 0.333333 -0.414005 0.613123 -0.672816
-0 3.36112 -4.35082 0.61722 0.333333 -0 0.620943 -0.783856
-2.41481 1.93885 -4.47196 0.533886 0.416667 -0.478782 0.32792 -0.814393
-0 3.36112 -4.35082 0.61722 0.333333 -0 0.620943 -0.783856
2.41481 1.93885 -4.47196 0.700553 0.416667 0.478782 0.32792 -0.814393
-0 2.06752 -5.02332 0.61722 0.416667 0 0.332102 -0.943243
2.16506 3.25177 -3.89042 0.700553 0.333333 0.414005 0.613123 -0.672816
2.41481 1.93885 -4.47196 0.700553 0.416667 0.478782 0.32792 -0.814393
-0 3.36112 -4.35082 0.61722 0.333333 -0 0.620943 -0.783856
2.16506 3.25177 -3.89042 0.700553 0.333333 0.414005 0.613123 -0.672816
4.18258 1.58584 -2.96153 0.783886 0.416667 0.827715 0.316724 -0.463221
2.41481 1.93885 -4.47196 0.700553 0.416667 0.478782 0.32792 -0.814393
3.75 2.9297 -2.61681 0.783886 0.333333 0.716133 0.591855 -0.369948
4.18258 1.58584 -2.96153 0.783886 0.416667 0.827715 0.316724 -0.463221
2.16506 3.25177 -3.89042 0.700553 0.333333 0.414005 0.613123 -0.672816
3.75 2.9297 -2.61681 0.783886 0.333333 0.716133 0.591855 -0.369948
4.82963 1.10527 -0.876722 0.86722 0.416667 0.953186 0.302042 0.014373
4.18258 1.58584 -2.96153 0.783886 0.416667 0.827715 0.316724 -0.463221
4.33013 2.4474 -0.778302 0.86722 0.333333 0.825323 0.563059 0.042497
4.82963 1.10527 -0.876722 0.86722 0.416667 0.953186 0.302042 0.014373
3.75 2.9297 -2.61681 0.783886 0.333333 0.716133 0.591855 -0.369948
4.33013 2.4474 -0.778302 0.86722 0.333333 0.825323 0.563059 0.042497
4.18258 0.935253 1.89638 0.950553 0.416667 0.823109 0.288186 0.489326
4.82963 1.10527 -0.876722 0.86722 0.416667 0.953186 0.302042 0.014373
3.75 2.07035 1.73292 0.950553 0.333333 0.713244 0.534616 0.453287
4.18258 0.935253 1.89638 0.950553 0.416667 0.823109 0.288186 0.489326
4.33013 2.4474 -0.778302 0.86722 0.333333 0.825323 0.563059 0.042497
3.06186 3.26623 1.33791 -0.049447 0.25 0.530613 0.761764 0.371706
2.16506 1.82041 3.56666 0.033886 0.333333 0.411101 0.514059 0.752821
3.75 2.07035 1.73292 -0.049447 0.333333 0.713244 0.534616 0.453287
1.76777 3.08082 2.84417 0.033886 0.25 0.30635 0.74291 0.595176
2.16506 1.82041 3.56666 0.033886 0.333333 0.411101 0.514059 0.752821
3.06186 3.26623 1.33791 -0.049447 0.25 0.530613 0.761764 0.371706
1.76777 3.08082 2.84417 0.033886 0.25 0.30635 0.74291 0.595176
0 1.734 4.23647 0.11722 0.333333 0 0.506598 0.862182
2.16506 1.82041 3.56666 0.033886 0.333333 0.411101 0.514059 0.752821
-0 3.00756 3.39488 0.11722 0.25 0 0.736009 0.676971
0 1.734 4.23647 0.11722 0.333333 0 0.506598 0.862182
1.76777 3.08082 2.84417 0.033886 0.25 0.30635 0.74291 0.595176
-0 3.00756 3.39488 0.11722 0.25 0 0.736009 0.676971
-2.16506 1.82041 3.56666 0.200553 0.333333 -0.411101 0.514059 0.752821
0 1.734 4.23647 0.11722 0.333333 0 0.506598 0.862182
-1.76777 3.08082 2.84417 0.200553 0.25 -0.30635 0.74291 0.595176
-2.16506 1.82041 3.56666 0.200553 0.333333 -0.411101 0.514059 0.752821
-0 3.00756 3.39488 0.11722 0.25 0 0.736009 0.676971
-1.76777 3.08082 2.84417 0.200553 0.25 -0.30635 0.74291 0.595176
-3.75 2.07035 1.73292 0.283886 0.333333 -0.713244 0.534616 0.453287
-2.16506 1.82041 3.56666 0.200553 0.333333 -0.411101 0.514059 0.752821
-3.06186 3.26623 1.33791 0.283886 0.25 -0.530613 0.761764 0.371706
-3.75 2.07035 1.73292 0.283886 0.333333 -0.713244 0.534616 0.453287
-1.76777 3.08082 2.84417 0.200553 0.25 -0.30635 0.74291 0.595176
-3.06186 3.26623 1.33791 0.283886 0.25 -0.530613 0.761764 0.371706
-4.33013 2.4474 -0.778302 0.36722 0.333333 -0.825323 0.563059 0.042497
-3.75 2.07035 1.73292 0.283886 0.333333 -0.713244 0.534616 0.453287
-3.53553 3.48472 -0.723657 0.36722 0.25 -0.612699 0.787518 0.066441
-4.33013 2.4474 -0.778302 0.36722 0.333333 -0.825323 0.563059 0.042497
-3.06186 3.26623 1.33791 0.283886 0.25 -0.530613 0.761764 0.371706
-3.53553 3.48472 -0.723657 0.36722 0.25 -0.612699 0.787518 0.066441
-3.75 2.9297 -2.61681 0.450553 0.333333 -0.716133 0.591855 -0.369948
-4.33013 2.4474 -0.778302 0.36722 0.333333 -0.825323 0.563059 0.042497
-3.06186 3.76113 -2.19702 0.450553 0.25 -0.530613 0.813273 -0.238824
-3.75 2.9297 -2.61681 0.450553 0.333333 -0.716133 0.591855 -0.369948
-3.53553 3.48472 -0.723657 0.36722 0.25 -0.612699 0.787518 0.066441
-3.06186 3.76113 -2.19702 0.450553 0.25 -0.530613 0.813273 -0.238824
-2.16506 3.25177 -3.89042 0.533886 0.333333 -0.414005 0.613123 -0.672816
-3.75 2.9297 -2.61681 0.450553 0.333333 -0.716133 0.591855 -0.369948
-1.76777 3.94876 -3.18602 0.533886 0.25 -0.30635 0.832127 -0.462293
-2.16506 3.25177 -3.89042 0.533886 0.333333 -0.414005 0.613123 -0.672816
-3.06186 3.76113 -2.19702 0.450553 0.25 -0.530613 0.813273 -0.238824
-1.76777 3.94876 -3.18602 0.533886 0.25 -0.30635 0.832127 -0.462293
-0 3.36112 -4.35082 0.61722 0.333333 -0 0.620943 -0.783856
-2.16506 3.25177 -3.89042 0.533886 0.333333 -0.414005 0.613123 -0.672816
-0 4.01175 -3.54418 0.61722 0.25 0 0.839028 -0.544089
-0 3.36112 -4.35082 0.61722 0.333333 -0 0.620943 -0.783856
-1.76777 3.94876 -3.18602 0.533886 0.25 -0.30635 0.832127 -0.462293
-0 4.01175 -3.54418 0.61722 0.25 0 0.839028 -0.544089
2.16506 3.25177 -3.89042 0.700553 0.333333 0.414005 0.613123 -0.672816
-0 3.36112 -4.35082 0.61722 0.333333 -0 0.620943 -0.783856
1.76777 3.94876 -3.18602 0.700553 0.25 0.30635 0.832127 -0.462293
2.16506 3.25177 -3.89042 0.700553 0.333333 0.414005 0.613123 -0.672816
-0 4.01175 -3.54418 0.61722 0.25 0 0.839028 -0.544089
1.76777 3.94876 -3.18602 0.700553 0.25 0.30635 0.832127 -0.462293
3.75 2.9297 -2.61681 0.783886 0.333333 0.716133 0.591855 -0.369948
2.16506 3.25177 -3.89042 0.700553 0.333333 0.414005 0.613123 -0.672816
3.06186 3.76113 -2.19702 0.783886 0.25 0.530613 0.813273 -0.238824
3.75 2.9297 -2.61681 0.783886 0.333333 0.716133 0.591855 -0.369948
1.76777 3.94876 -3.18602 0.700553 0.25 0.30635 0.832127 -0.462293
3.06186 3.76113 -2.19702 0.783886 0.25 0.530613 0.813273 -0.238824
4.33013 2.4474 -0.778302 0.86722 0.333333 0.825323 0.563059 0.042497
3.75 2.9297 -2.61681 0.783886 0.333333 0.716133 0.591855 -0.369948
3.53553 3.48472 -0.723657 0.86722 0.25 0.612699 0.787518 0.066441
4.33013 2.4474 -0.778302 0.86722 0.333333 0.825323 0.563059 0.042497
3.06186 3.76113 -2.19702 0.783886 0.25 0.530613 0.813273 -0.238824
3.53553 3.48472 -0.723657 0.86722 0.25 0.612699 0.787518 0.066441
3.75 2.07035 1.73292 0.950553 0.333333 0.713244 0.534616 0.453287
4.33013 2.4474 -0.778302 0.86722 0.333333 0.825323 0.563059 0.042497
3.06186 3.26623 1.33791 0.950553 0.25 0.530613 0.761764 0.371706
3.75 2.07035 1.73292 0.950553 0.333333 0.713244 0.534616 0.453287
3.53553 3.48472 -0.723657 0.86722 0.25 0.612699 0.787518 0.066441
2.16506 4.14441 0.781017 -0.049447 0.166667 0.344327 0.8976 0.275232
1.76777 3.08082 2.84417 0.033886 0.25 0.30635 0.74291 0.595176
3.06186 3.26623 1.33791 -0.049447 0.25 0.530613 0.761764 0.371706
1.25 4.0626 1.85174 0.033886 0.166667 0.198798 0.885365 0.420247
1.76777 3.08082 2.84417 0.033886 0.25 0.30635 0.74291 0.595176
2.16506 4.14441 0.781017 -0.049447 0.166667 0.344327 0.8976 0.275232
1.25 4.0626 1.85174 0.033886 0.166667 0.198798 0.885365 0.420247
-0 3.00756 3.39488 0.11722 0.25 0 0.736009 0.676971
1.76777 3.08082 2.84417 0.033886 0.25 0.30635 0.74291 0.595176
-0 4.02996 2.24334 0.11722 0.166667 0 0.880887 0.473326
-0 3.00756 3.39488 0.11722 0.25 0 0.736009 0.676971
1.25 4.0626 1.85174 0.033886 0.166667 0.198798 0.885365 0.420247
-0 4.02996 2.24334 0.11722 0.166667 0 0.880887 0.473326
-1.76777 3.08082 2.84417 0.200553 0.25 -0.30635 0.74291 0.595176
-0 3.00756 3.39488 0.11722 0.25 0 0.736009 0.676971
-1.25 4.0626 1.85174 0.200553 0.166667 -0.198797 0.885365 0.420247
-1.76777 3.08082 2.84417 0.200553 0.25 -0.30635 0.74291 0.595176
-0 4.02996 2.24334 0.11722 0.166667 0 0.880887 0.473326
-1.25 4.0626 1.85174 0.200553 0.166667 -0.198797 0.885365 0.420247
-3.06186 3.26623 1.33791 0.283886 0.25 -0.530613 0.761764 0.371706
-1.76777 3.08082 2.84417 0.200553 0.25 -0.30635 0.74291 0.595176
-2.16506 4.14441 0.781017 0.283886 0.166667 -0.344327 0.8976 0.275232
-3.06186 3.26623 1.33791 0.283886 0.25 -0.530613 0.761764 0.371706
-1.25 4.0626 1.85174 0.200553 0.166667 -0.198797 0.885365 0.420247
-2.16506 4.14441 0.781017 0.283886 0.166667 -0.344327 0.8976 0.275232
-3.53553 3.48472 -0.723657 0.36722 0.25 -0.612699 0.787518 0.066441
-3.06186 3.26623 1.33791 0.283886 0.25 -0.530613 0.761764 0.371706
-2.5 4.23877 -0.683603 0.36722 0.166667 -0.397595 0.914313 0.077139
-3.53553 3.48472 -0.723657 0.36722 0.25 -0.612699 0.787518 0.066441
-2.16506 4.14441 0.781017 0.283886 0.166667 -0.344327 0.8976 0.275232
-2.5 4.23877 -0.683603 0.36722 0.166667 -0.397595 0.914313 0.077139
-3.06186 3.76113 -2.19702 0.450553 0.25 -0.530613 0.813273 -0.238824
-3.53553 3.48472 -0.723657 0.36722 0.25 -0.612699 0.787518 0.066441
-2.16506 4.37207 -1.74747 0.450553 0.166667 -0.344327 0.931026 -0.120955
-3.06186 3.76113 -2.19702 0.450553 0.25 -0.530613 0.813273 -0.238824
-2.5 4.23877 -0.683603 0.36722 0.166667 -0.397595 0.914313 0.077139
-2.16506 4.37207 -1.74747 0.450553 0.166667 -0.344327 0.931026 -0.120955
-1.76777 3.94876 -3.18602 0.533886 0.25 -0.30635 0.832127 -0.462293
-3.06186 3.76113 -2.19702 0.450553 0.25 -0.530613 0.813273 -0.238824
-1.25 4.47023 -2.42347 0.533886 0.166667 -0.198797 0.94326 -0.26597
-1.76777 3.94876 -3.18602 0.533886 0.25 -0.30635 0.832127 -0.462293
-2.16506 4.37207 -1.74747 0.450553 0.166667 -0.344327 0.931026 -0.120955
-1.25 4.47023 -2.42347 0.533886 0.166667 -0.198797 0.94326 -0.26597
-0 4.01175 -3.54418 0.61722 0.25 0 0.839028 -0.544089
-1.76777 3.94876 -3.18602 0.533886 0.25 -0.30635 0.832127 -0.462293
-0 4.50331 -2.66898 0.61722 0.166667 -0 0.947738 -0.319049
-0 4.01175 -3.54418 0.61722 0.25 0 0.839028 -0.544089
-1.25 4.47023 -2.42347 0.533886 0.166667 -0.198797 0.94326 -0.26597
-0 4.50331 -2.66898 0.61722 0.166667 -0 0.947738 -0.319049
1.76777 3.94876 -3.18602 0.700553 0.25 0.30635 0.832127 -0.462293
-0 4.01175 -3.54418 0.61722 0.25 0 0.839028 -0.544089
1.25 4.47023 -2.42347 0.700553 0.166667 0.198797 0.94326 -0.26597
1.76777 3.94876 -3.18602 0.700553 0.25 0.30635 0.832127 -0.462293
-0 4.50331 -2.66898 0.61722 0.166667 -0 0.947738 -0.319049
1.25 4.47023 -2.42347 0.700553 0.166667 0.198797 0.94326 -0.26597
3.06186 3.76113 -2.19702 0.783886 0.25 0.530613 0.813273 -0.238824
1.76777 3.94876 -3.18602 0.700553 0.25 0.30635 0.832127 -0.462293
2.16506 4.37207 -1.74747 0.783886 0.166667 0.344327 0.931026 -0.120955
3.06186 3.76113 -2.19702 0.783886 0.25 0.530613 0.813273 -0.238824
1.25 4.47023 -2.42347 0.700553 0.166667 0.198797 0.94326 -0.26597
2.16506 4.37207 -1.74747 0.783886 0.166667 0.344327 0.931026 -0.120955
3.53553 3.48472 -0.723657 0.86722 0.25 0.612699 0.787518 0.066441
3.06186 3.76113 -2.19702 0.783886 0.25 0.530613 0.813273 -0.238824
2.5 4.23877 -0.683603 0.86722 0.166667 0.397595 0.914313 0.077139
3.53553 3.48472 -0.723657 0.86722 0.25 0.612699 0.787518 0.066441
2.16506 4.37207 -1.74747 0.783886 0.166667 0.344327 0.931026 -0.120955
2.5 4.23877 -0.683603 0.86722 0.166667 0.397595 0.914313 0.077139
3.06186 3.26623 1.33791 0.950553 0.25 0.530613 0.761764 0.371706
3.53553 3.48472 -0.723657 0.86722 0.25 0.612699 0.787518 0.066441
2.16506 4.14441 0.781017 0.950553 0.166667 0.344327 0.8976 0.275232
3.06186 3.26623 1.33791 0.950553 0.25 0.530613 0.761764 0.371706
2.5 4.23877 -0.683603 0.86722 0.166667 0.397595 0.914313 0.077139
1.12072 4.68697 0.102351 -0.049447 0.083333 0.170646 0.968641 0.180595
1.25 4.0626 1.85174 0.033886 0.166667 0.198798 0.885365 0.420247
2.16506 4.14441 0.781017 -0.049447 0.166667 0.344327 0.8976 0.275232
0.647048 4.66297 0.658693 0.033886 0.083333 0.098523 0.962577 0.252464
1.25 4.0626 1.85174 0.033886 0.166667 0.198798 0.885365 0.420247
1.12072 4.68697 0.102351 -0.049447 0.083333 0.170646 0.968641 0.180595
0.647048 4.66297 0.658693 0.033886 0.083333 0.098523 0.962577 0.252464
-0 4.02996 2.24334 0.11722 0.166667 0 0.880887 0.473326
1.25 4.0626 1.85174 0.033886 0.166667 0.198798 0.885365 0.420247
-0 4.65347 0.862247 0.11722 0.083333 0 0.960358 0.278769
-0 4.02996 2.24334 0.11722 0.166667 0 0.880887 0.473326
0.647048 4.66297 0.658693 0.033886 0.083333 0.098523 0.962577 0.252464
-0 4.65347 0.862247 0.11722 0.083333 0 0.960358 0.278769
-1.25 4.0626 1.85174 0.200553 0.166667 -0.198797 0.885365 0.420247
-0 4.02996 2.24334 0.11722 0.166667 0 0.880887 0.473326
-0.647048 4.66297 0.658693 0.200553 0.083333 -0.098523 0.962577 0.252464
-1.25 4.0626 1.85174 0.200553 0.166667 -0.198797 0.885365 0.420247
-0 4.65347 0.862247 0.11722 0.083333 0 0.960358 0.278769
-0.647048 4.66297 0.658693 0.200553 0.083333 -0.098523 0.962577 0.252464
-2.16506 4.14441 0.781017 0.283886 0.166667 -0.344327 0.8976 0.275232
-1.25 4.0626 1.85174 0.200553 0.166667 -0.198797 0.885365 0.420247
-1.12072 4.68697 0.102351 0.283886 0.083333 -0.170646 0.968641 0.180595
-2.16506 4.14441 0.781017 0.283886 0.166667 -0.344327 0.8976 0.275232
-0.647048 4.66297 0.658693 0.200553 0.083333 -0.098523 0.962577 0.252464
-1.12072 4.68697 0.102351 0.283886 0.083333 -0.170646 0.968641 0.180595
-2.5 4.23877 -0.683603 0.36722 0.166667 -0.397595 0.914313 0.077139
-2.16506 4.14441 0.781017 0.283886 0.166667 -0.344327 0.8976 0.275232
-1.2941 4.71509 -0.65816 0.36722 0.083333 -0.197046 0.976924 0.08242
-2.5 4.23877 -0.683603 0.36722 0.166667 -0.397595 0.914313 0.077139
-1.12072 4.68697 0.102351 0.283886 0.083333 -0.170646 0.968641 0.180595
-1.2941 4.71509 -0.65816 0.36722 0.083333 -0.197046 0.976924 0.08242
-2.16506 4.37207 -1.74747 0.450553 0.166667 -0.344327 0.931026 -0.120955
-2.5 4.23877 -0.683603 0.36722 0.166667 -0.397595 0.914313 0.077139
-1.12072 4.7568 -1.28045 0.450553 0.083333 -0.170646 0.985206 -0.015753
-2.16506 4.37207 -1.74747 0.450553 0.166667 -0.344327 0.931026 -0.120955
-1.2941 4.71509 -0.65816 0.36722 0.083333 -0.197046 0.976924 0.08242
-1.12072 4.7568 -1.28045 0.450553 0.083333 -0.170646 0.985206 -0.015753
-1.25 4.47023 -2.42347 0.533886 0.166667 -0.198797 0.94326 -0.26597
-2.16506 4.37207 -1.74747 0.450553 0.166667 -0.344327 0.931026 -0.120955
-0.647048 4.79882 -1.62444 0.533886 0.083333 -0.098523 0.99127 -0.087621
-1.25 4.47023 -2.42347 0.533886 0.166667 -0.198797 0.94326 -0.26597
-1.12072 4.7568 -1.28045 0.450553 0.083333 -0.170646 0.985206 -0.015753
-0.647048 4.79882 -1.62444 0.533886 0.083333 -0.098523 0.99127 -0.087621
-0 4.50331 -2.66898 0.61722 0.166667 -0 0.947738 -0.319049
-1.25 4.47023 -2.42347 0.533886 0.166667 -0.198797 0.94326 -0.26597
-0 4.81344 -1.74983 0.61722 0.083333 -0 0.993489 -0.113927
-0 4.50331 -2.66898 0.61722 0.166667 -0 0.947738 -0.319049
-0.647048 4.79882 -1.62444 0.533886 0.083333 -0.098523 0.99127 -0.087621
-0 4.81344 -1.74983 0.61722 0.083333 -0 0.993489 -0.113927
1.25 4.47023 -2.42347 0.700553 0.166667 0.198797 0.94326 -0.26597
-0 4.50331 -2.66898 0.61722 0.166667 -0 0.947738 -0.319049
0.647048 4.79882 -1.62444 0.700553 0.083333 0.098523 0.99127 -0.087621
1.25 4.47023 -2.42347 0.700553 0.166667 0.198797 0.94326 -0.26597
-0 4.81344 -1.74983 0.61722 0.083333 -0 0.993489 -0.113927
0.647048 4.79882 -1.62444 0.700553 0.083333 0.098523 0.99127 -0.087621
2.16506 4.37207 -1.74747 0.783886 0.166667 0.344327 0.931026 -0.120955
1.25 4.47023 -2.42347 0.700553 0.166667 0.198797 0.94326 -0.26597
1.12072 4.7568 -1.28045 0.783886 0.083333 0.170646 0.985206 -0.015753
2.16506 4.37207 -1.74747 0.783886 0.166667 0.344327 0.931026 -0.120955
0.647048 4.79882 -1.62444 0.700553 0.083333 0.098523 0.99127 -0.087621
1.12072 4.7568 -1.28045 0.783886 0.083333 0.170646 0.985206 -0.015753
2.5 4.23877 -0.683603 0.86722 0.166667 0.397595 0.914313 0.077139
2.16506 4.37207 -1.74747 0.783886 0.166667 0.344327 0.931026 -0.120955
1.2941 4.71509 -0.65816 0.86722 0.083333 0.197046 0.976924 0.08242
2.5 4.23877 -0.683603 0.86722 0.166667 0.397595 0.914313 0.077139
1.12072 4.7568 -1.28045 0.783886 0.083333 0.170646 0.985206 -0.015753
1.2941 4.71509 -0.65816 0.86722 0.083333 0.197046 0.976924 0.08242
2.16506 4.14441 0.781017 0.950553 0.166667 0.344327 0.8976 0.275232
2.5 4.23877 -0.683603 0.86722 0.166667 0.397595 0.914313 0.077139
1.12072 4.68697 0.102351 0.950553 0.083333 0.170646 0.968641 0.180595
2.16506 4.14441 0.781017 0.950553 0.166667 0.344327 0.8976 0.275232
1.2941 4.71509 -0.65816 0.86722 0.083333 0.197046 0.976924 0.08242
-0 -4.21484 -0.50413 -0.00778 1 0 -1 0
1.32838 -4.13798 0.422986 -0.049447 0.916667 0.058675 -0.997702 0.033876
0.766943 -4.12441 1.10621 0.033886 0.916667 0.033876 -0.997702 0.058675
-0 -4.21484 -0.50413 0.075553 1 0 -1 0
0.766943 -4.12441 1.10621 0.033886 0.916667 0.033876 -0.997702 0.058675
-0 -4.11945 1.35629 0.11722 0.916667 -0 -0.997702 0.067752
-0 -4.21484 -0.50413 0.158886 1 0 -1 0
-0 -4.11945 1.35629 0.11722 0.916667 -0 -0.997702 0.067752
-0.766943 -4.12441 1.10621 0.200553 0.916667 -0.033876 -0.997702 0.058675
-0 -4.21484 -0.50413 0.24222 1 0 -1 0
-0.766943 -4.12441 1.10621 0.200553 0.916667 -0.033876 -0.997702 0.058675
-1.32838 -4.13798 0.422986 0.283886 0.916667 -0.058675 -0.997702 0.033876
-0 -4.21484 -0.50413 0.325553 1 0 -1 0
-1.32838 -4.13798 0.422986 0.283886 0.916667 -0.058675 -0.997702 0.033876
-1.53389 -4.15652 -0.510316 0.36722 0.916667 -0.067752 -0.997702 0
-0 -4.21484 -0.50413 0.408886 1 0 -1 0
-1.53389 -4.15652 -0.510316 0.36722 0.916667 -0.067752 -0.997702 0
-1.32838 -4.00252 -1.20304 0.450553 0.916667 -0.058675 -0.997702 -0.033876
-0 -4.21484 -0.50413 0.49222 1 0 -1 0
-1.32838 -4.00252 -1.20304 0.450553 0.916667 -0.058675 -0.997702 -0.033876
-0.766943 -3.88342 -1.70127 0.533886 0.916667 -0.033876 -0.997702 -0.058675
-0 -4.21484 -0.50413 0.575553 1 0 -1 0
-0.766943 -3.88342 -1.70127 0.533886 0.916667 -0.033876 -0.997702 -0.058675
-0 -3.83983 -1.88364 0.61722 0.916667 0 -0.997702 -0.067752
-0 -4.21484 -0.50413 0.658886 1 0 -1 0
-0 -3.83983 -1.88364 0.61722 0.916667 0 -0.997702 -0.067752
0.766943 -3.88342 -1.70127 0.700553 0.916667 0.033876 -0.997702 -0.058675
-0 -4.21484 -0.50413 0.74222 1 0 -1 0
0.766943 -3.88342 -1.70127 0.700553 0.916667 0.033876 -0.997702 -0.058675
1.32838 -4.00252 -1.20304 0.783886 0.916667 0.058675 -0.997702 -0.033876
-0 -4.21484 -0.50413 0.825553 1 0 -1 0
1.32838 -4.00252 -1.20304 0.783886 0.916667 0.058675 -0.997702 -0.033876
1.53389 -4.15652 -0.510316 0.86722 0.916667 0.067752 -0.997702 -0
-0 -4.21484 -0.50413 0.908886 1 0 -1 0
1.53389 -4.15652 -0.510316 0.86722 0.916667 0.067752 -0.997702 -0
1.32838 -4.13798 0.422986 0.950553 0.916667 0.058675 -0.997702 0.033876
-0 4.87796 -0.649436 -0.00778 0 0 0.99646 0.084069
0.647048 4.66297 0.658693 0.033886 0.083333 0.098523 0.962577 0.252464
1.12072 4.68697 0.102351 -0.049447 0.083333 0.170646 0.968641 0.180595
-0 4.87796 -0.649436 0.075553 0 0 0.99646 0.084069
-0 4.65347 0.862247 0.11722 0.083333 0 0.960358 0.278769
0.647048 4.66297 0.658693 0.033886 0.083333 0.098523 0.962577 0.252464
-0 4.87796 -0.649436 0.158886 0 0 0.99646 0.084069
-0.647048 4.66297 0.658693 0.200553 0.083333 -0.098523 0.962577 0.252464
-0 4.65347 0.862247 0.11722 0.083333 0 0.960358 0.278769
-0 4.87796 -0.649436 0.24222 0 0 0.99646 0.084069
-1.12072 4.68697 0.102351 0.283886 0.083333 -0.170646 0.968641 0.180595
-0.647048 4.66297 0.658693 0.200553 0.083333 -0.098523 0.962577 0.252464
-0 4.87796 -0.649436 0.325553 0 0 0.99646 0.084069
-1.2941 4.71509 -0.65816 0.36722 0.083333 -0.197046 0.976924 0.08242
-1.12072 4.68697 0.102351 0.283886 0.083333 -0.170646 0.968641 0.180595
-0 4.87796 -0.649436 0.408886 0 0 0.99646 0.084069
-1.12072 4.7568 -1.28045 0.450553 0.083333 -0.170646 0.985206 -0.015753
-1.2941 4.71509 -0.65816 0.36722 0.083333 -0.197046 0.976924 0.08242
-0 4.87796 -0.649436 0.49222 0 0 0.99646 0.084069
-0.647048 4.79882 -1.62444 0.533886 0.083333 -0.098523 0.99127 -0.087621
-1.12072 4.7568 -1.28045 0.450553 0.083333 -0.170646 0.985206 -0.015753
-0 4.87796 -0.649436 0.575553 0 0 0.99646 0.084069
-0 4.81344 -1.74983 0.61722 0.083333 -0 0.993489 -0.113927
-0.647048 4.79882 -1.62444 0.533886 0.083333 -0.098523 0.99127 -0.087621
-0 4.87796 -0.649436 0.658886 0 0 0.99646 0.084069
0.647048 4.79882 -1.62444 0.700553 0.083333 0.098523 0.99127 -0.087621
-0 4.81344 -1.74983 0.61722 0.083333 -0 0.993489 -0.113927
-0 4.87796 -0.649436 0.74222 0 0 0.99646 0.084069
1.12072 4.7568 -1.28045 0.783886 0.083333 0.170646 0.985206 -0.015753
0.647048 4.79882 -1.62444 0.700553 0.083333 0.098523 0.99127 -0.087621
-0 4.87796 -0.649436 0.825553 0 0 0.99646 0.084069
1.2941 4.71509 -0.65816 0.86722 0.083333 0.197046 0.976924 0.08242
1.12072 4.7568 -1.28045 0.783886 0.083333 0.170646 0.985206 -0.015753
-0 4.87796 -0.649436 0.908886 0 0 0.99646 0.084069
1.12072 4.68697 0.102351 0.950553 0.083333 0.170646 0.968641 0.180595
1.2941 4.71509 -0.65816 0.86722 0.083333 0.197046 0.976924 0.08242
